# callgrind format
version: 1
creator: callgrind-3.13.0
pid: 28249
cmd:  ./mascot-bls-party.x -p 0 -I 100 -ip pci_ip.txt
part: 1


desc: I1 cache: 
desc: D1 cache: 
desc: LL cache: 

desc: Timerange: Basic block 0 - 1147767
desc: Trigger: Program termination

positions: line
events: Ir
summary: 6271044


ob=(7) /lib/x86_64-linux-gnu/libdl-2.27.so
fl=(117) ???
fn=(458) 0x0000000000000f30
0 17

fl=(118) /build/glibc-uZu3wS/glibc-2.27/dlfcn/dlfcn.c
fn=(464) init
29 1
+1 1
+1 1

ob=(12) /usr/lib/x86_64-linux-gnu/libboost_system.so.1.65.1
fl=(138) ???
fn=(1068) boost::system::system_category()
0 22
cob=(11) /usr/lib/x86_64-linux-gnu/libstdc++.so.6.0.29
cfi=(125) ???
cfn=(840) __cxa_guard_acquire
calls=1 0 
0 18
0 1
0 14
cob=(11)
cfi=(125)
cfn=(846) __cxa_guard_release
calls=1 0 
0 7
0 1
0 4
cob=(3) /lib/x86_64-linux-gnu/libc-2.27.so
cfi=(126) /build/glibc-uZu3wS/glibc-2.27/stdlib/cxa_atexit.c
cfn=(820) __cxa_atexit
calls=1 65 
0 71
0 1
0 4

fn=(1046) 0x0000000000001830
0 2
cfn=(1048) boost::system::generic_category()
calls=1 0 
0 6045
0 1
cfn=(1048)
calls=1 0 
0 5
0 1
cfn=(1068)
calls=1 0 
0 128
0 3
cfn=(1068)
calls=1 0 
0 5
0 3

fn=(1040) 0x0000000000001930
0 17

fn=(1048)
0 22
cob=(1) /lib/x86_64-linux-gnu/ld-2.27.so
cfi=(101) /build/glibc-uZu3wS/glibc-2.27/elf/../sysdeps/x86_64/dl-trampoline.h
cfn=(394) _dl_runtime_resolve_xsave
calls=1 71 
0 1850
0 5
0 14
cob=(1)
cfi=(101)
cfn=(394)
calls=1 71 
0 1879
0 5
0 4
cob=(1)
cfi=(101)
cfn=(394)
calls=1 71 
0 2272
0 5
0 4

ob=(13) /usr/lib/x86_64-linux-gnu/libsodium.so.23.1.0
fl=(139) ???
fn=(1078) 0x000000000000aab0
0 17

ob=(5) /lib/x86_64-linux-gnu/librt-2.27.so
fl=(96) /build/glibc-uZu3wS/glibc-2.27/rt/clock-compat.c
fn=(366) clock_gettime
46 2

fl=(137) ???
fn=(1030) 0x0000000000002360
0 17

ob=(1)
fl=(14) /build/glibc-uZu3wS/glibc-2.27/elf/../misc/sbrk.c
fn=(30) sbrk
32 4
+8 6
+4 2
+16 5

fl=(7) /build/glibc-uZu3wS/glibc-2.27/elf/../elf/dl-sysdep.c
fn=(370) _dl_sysdep_start_cleanup
260 1

fn=(12) _dl_sysdep_start
88 8
+25 1
-1 1
+1 121
+6 1
-3 1
+1 1
-4 1
+3 1
+3 4
+1 2
-1 12
-29 1
-1 10
+30 2
+1 108
+3 1
-4 74
+62 1
-62 1
+63 1
-1 1
-62 3
+34 1
-34 2
+35 1
-35 2
+46 1
-46 1
+47 1
-1 1
-46 3
+40 1
-40 1
+41 1
-1 1
-40 3
+37 1
-37 2
+38 1
-38 3
+13 1
-13 2
+14 1
-14 2
+10 1
-10 2
+11 1
-11 2
+7 1
-7 4
224 1
cfi=(9) /build/glibc-uZu3wS/glibc-2.27/elf/dl-tunables.c
cfn=(16) __GI___tunables_init
calls=1 +65 
* 13721
fi=(11) /build/glibc-uZu3wS/glibc-2.27/elf/../sysdeps/unix/sysv/linux/dl-sysdep.c
35 2
cfi=(12) /build/glibc-uZu3wS/glibc-2.27/elf/../sysdeps/unix/sysv/linux/x86_64/brk.c
cfn=(22) brk
calls=1 -4 
* 11
fi=(8) /build/glibc-uZu3wS/glibc-2.27/elf/../sysdeps/x86/cpu-features.c
210 1
-12 1
+1 1
+11 1
+3 1
-3 1
+3 5
381 3
+1 1
+3 2
+1 1
+6 1
+5 2
-3 1
+3 1
-4 1
+4 1
cfi=(9)
cfn=(26) __tunable_get_val
calls=1 -24 
* 16
+2 4
cfi=(9)
cfn=(26)
calls=1 -26 
* 18
* 1
+2 3
-2 1
+2 1
cfi=(9)
cfn=(26)
calls=1 -28 
* 18
* 1
+2 3
-2 1
+2 1
cfi=(9)
cfn=(26)
calls=1 -30 
* 18
+12 1
-12 1
+11 1
-11 1
+12 1
fe=(7)
236 1
cfi=(13) /build/glibc-uZu3wS/glibc-2.27/string/../sysdeps/x86_64/multiarch/../strlen.S
cfn=(28) strlen
calls=1 79 
* 16
* 1
+2 2
cfi=(14)
cfn=(30)
calls=1 32 
* 17
* 3
+12 3
+3 5
cfi=(2) /build/glibc-uZu3wS/glibc-2.27/elf/rtld.c
cfn=(32) dl_main
calls=1 870 
* 6005019
+1 1
+1 8
fi=(8)
419 3
+28 2
-9 3
+2 4
+1 2
+2 4
+1 2
219 6
cfn=(24) get_common_indeces.constprop.1
calls=1 48 
* 87
37 2
+1 2
+1 6
224 4
327 4
+7 6
217 3
+9 2
+1 1
-1 1
+1 6
+46 3
+22 2
+10 5
+13 3
-13 2
fe=(7)

fl=(44) /build/glibc-uZu3wS/glibc-2.27/misc/../sysdeps/unix/syscall-template.S
fn=(138) mprotect
78 128
+1 32

fn=(374) munmap
78 4
+1 1

fl=(29) /build/glibc-uZu3wS/glibc-2.27/string/strdup.c
fn=(80) strdup
40 76
+1 19
cfi=(13)
cfn=(28)
calls=19 +38 
* 682
* 19
+1 38
cfi=(19) /build/glibc-uZu3wS/glibc-2.27/elf/dl-minimal.c
cfn=(46) malloc
calls=19 +8 
* 342
* 19
+2 38
+4 19
-1 38
+1 38
-1 38
cfi=(20) /build/glibc-uZu3wS/glibc-2.27/string/../sysdeps/x86_64/multiarch/memmove-vec-unaligned-erms.S
cfn=(48) memcpy
calls=19 +82 
* 286

fl=(19)
fn=(42) calloc
92 38
+8 38
-1 76
-3 38
+4 76
+3 38
cfn=(46)
calls=38 -53 
* 996
* 38

fn=(84) strsep
265 16
+2 8
+1 16
+4 265
+7 396
-2 268
+6 4
+7 2
+4 2
-4 3
+4 6
-7 118
-15 360

fn=(46)
50 403
+11 200
+3 100
-3 100
+3 200
-3 2
+3 1
-3 1
+3 382
-15 18
+20 24
+1 12
+2 6
+1 48
cfi=(42) /build/glibc-uZu3wS/glibc-2.27/misc/../sysdeps/unix/sysv/linux/mmap64.c
cfn=(134) mmap
calls=6 -22 
* 210
+2 12
+2 18
+2 6
+3 6
-3 12
+4 6
+2 30
-2 95
-1 95
+3 190
-29 1
-1 1
+1 1
+1 2
-2 10

fn=(92) free
111 98
-2 2
+6 10
cfi=(28) /build/glibc-uZu3wS/glibc-2.27/string/../sysdeps/x86_64/multiarch/memset-vec-unaligned-erms.S
cfn=(76) memset
calls=2 -6 
* 24
+1 2
+2 4

fl=(36) /build/glibc-uZu3wS/glibc-2.27/elf/dl-misc.c
fn=(364) _dl_higher_prime_number
337 3
+1 3
+4 24
+1 9
-1 24
+1 10
-1 72
+1 32
-3 25
+4 4
-4 8
+4 1
-4 4
+19 2
-16 2

fn=(162) _dl_sysdep_read_whole_file
44 2
+3 1
-3 3
+3 1
-3 3
+3 1
cfi=(37) /build/glibc-uZu3wS/glibc-2.27/io/../sysdeps/unix/sysv/linux/wordsize-64/lxstat.c
cfn=(122) open
calls=1 -8 
* 16
+1 2
+2 5
cfi=(41) /build/glibc-uZu3wS/glibc-2.27/io/../sysdeps/unix/sysv/linux/wordsize-64/fxstat.c
cfn=(132) _fxstat
calls=1 -16 
* 10
* 2
+2 1
+3 1
-3 1
+3 1
+13 2
cfi=(46) /build/glibc-uZu3wS/glibc-2.27/io/../sysdeps/unix/sysv/linux/close.c
cfn=(144) close
calls=1 -41 
* 5
+3 7
-14 6
cfi=(42)
cfn=(134)
calls=1 -6 
* 35
* 2

fn=(118) _dl_name_match_p
282 46055
+1 18422
cfi=(21) /build/glibc-uZu3wS/glibc-2.27/string/../sysdeps/x86_64/strcmp.S
cfn=(56) strcmp
calls=9211 144 
* 261962
* 9211
+1 9211
-1 9211
+3 9211
+2 18422
+6 9124
+1 45620
-3 9198
-4 18396
+1 27855
cfi=(21)
cfn=(56)
calls=9285 144 
* 276150
* 18570
+6 87
-11 87
+11 348

fl=(54) /build/glibc-uZu3wS/glibc-2.27/elf/dl-reloc.c
fn=(184) _dl_relocate_object
148 170
+15 17
-15 34
+15 17
+1 85
+6 51
+6 68
+1 34
-19 26
+22 26
+7 17
-32 17
+32 17
+44 17
fi=(5) /build/glibc-uZu3wS/glibc-2.27/elf/../sysdeps/x86_64/dl-machine.h
76 17
fe=(54)
231 34
fi=(5)
76 51
fe=(54)
258 645
-99 12
fi=(5)
481 36
fe=(54)
159 24
+99 12
fi=(4) /build/glibc-uZu3wS/glibc-2.27/elf/do-rel.h
48 12
fe=(54)
258 12
fi=(4)
47 12
+11 12
-11 12
+11 12
-11 12
+11 12
fe=(54)
258 5
-99 5
fi=(5)
481 15
fe=(54)
159 10
+99 5
fi=(4)
48 5
fe=(54)
258 5
fi=(4)
47 5
+11 5
-11 5
+11 5
-11 5
+11 5
fe=(54)
258 17
fi=(4)
48 17
fe=(54)
258 17
fi=(4)
47 17
+11 17
-11 17
+11 17
-11 17
+11 17
+26 22
+14 44
-15 44
+3 88
+12 22
+10 40
+10 66
+6 21
-3 42
+3 21
fi=(5)
491 16
fi=(4)
51 16
fi=(5)
491 16
fi=(4)
50 32
+77 26392
+12 13196
-3 19794
fi=(5)
276 6598
fi=(4)
139 6598
-2 6598
-1 6598
+1 6598
+1 6598
-1 13196
fi=(5)
276 6598
+21 13196
+4 13196
+7 26392
fi=(55) /build/glibc-uZu3wS/glibc-2.27/elf/../sysdeps/generic/ldsodefs.h
102 19734
fi=(5)
308 86454
fi=(4)
138 4221
fi=(5)
308 8442
fi=(4)
138 4221
fi=(5)
308 4221
fi=(4)
138 4221
fi=(5)
308 8442
fi=(4)
138 2
fi=(5)
308 4
fi=(4)
138 2
fi=(5)
308 2
fi=(4)
138 2
fi=(5)
308 50680
cfi=(6) /build/glibc-uZu3wS/glibc-2.27/elf/dl-lookup.c
cfn=(192) _dl_lookup_symbol_x
calls=4223 790 
* 4875942
* 25338
+2 19734
+25 39588
fi=(4)
74 24
+1 14
+1 126
fi=(5)
551 63
+24 126
+2 63
cob=(4) /lib/x86_64-linux-gnu/libm-2.27.so
cfi=(87) /build/glibc-uZu3wS/glibc-2.27/math/../sysdeps/x86_64/fpu/multiarch/ifunc-sse4_1.h
cfn=(356) trunc
calls=1 29 
* 6
cob=(4)
cfi=(84) /build/glibc-uZu3wS/glibc-2.27/math/../sysdeps/x86_64/fpu/multiarch/ifunc-avx-fma4.h
cfn=(352) sin
calls=1 33 
* 8
cob=(4)
cfi=(84)
cfn=(348) __atan2_finite
calls=1 33 
* 8
cob=(4)
cfi=(87)
cfn=(346) truncf
calls=1 29 
* 6
cob=(4)
cfi=(83) /build/glibc-uZu3wS/glibc-2.27/math/../sysdeps/x86_64/fpu/multiarch/ifunc-fma.h
cfn=(344) exp2f@@GLIBC_2.27
calls=1 30 
* 8
cob=(4)
cfi=(88) /build/glibc-uZu3wS/glibc-2.27/math/../sysdeps/x86_64/fpu/multiarch/ifunc-fma4.h
cfn=(340) __asin_finite
calls=1 32 
* 8
cob=(4)
cfi=(87)
cfn=(338) floor
calls=1 29 
* 6
cob=(4)
cfi=(87)
cfn=(336) floorf
calls=1 29 
* 6
cob=(4)
cfi=(83)
cfn=(334) sinf
calls=1 30 
* 8
cob=(4)
cfi=(88)
cfn=(330) __acos_finite
calls=1 32 
* 8
cob=(4)
cfi=(87)
cfn=(328) rintf
calls=1 29 
* 6
cob=(4)
cfi=(84)
cfn=(324) __log_finite
calls=1 33 
* 8
cob=(4)
cfi=(83)
cfn=(322) log2f@@GLIBC_2.27
calls=1 30 
* 8
cob=(4)
cfi=(88)
cfn=(318) __pow_finite
calls=1 32 
* 8
cob=(4)
cfi=(87)
cfn=(316) ceil
calls=1 29 
* 6
cob=(4)
cfi=(87)
cfn=(314) ceilf
calls=1 29 
* 6
cob=(4)
cfi=(83)
cfn=(312) powf@@GLIBC_2.27
calls=1 30 
* 8
cob=(4)
cfi=(83)
cfn=(310) sincosf
calls=1 30 
* 8
cob=(4)
cfi=(87)
cfn=(308) rint
calls=1 29 
* 6
cob=(4)
cfi=(83)
cfn=(306) logf@@GLIBC_2.27
calls=1 30 
* 8
cob=(4)
cfi=(84)
cfn=(302) cos
calls=1 33 
* 8
cob=(4)
cfi=(83)
cfn=(300) expf@@GLIBC_2.27
calls=1 30 
* 8
cob=(4)
cfi=(84)
cfn=(296) __exp_finite
calls=1 33 
* 8
cob=(4)
cfi=(83)
cfn=(294) cosf
calls=1 30 
* 8
cob=(3)
cfi=(82) /build/glibc-uZu3wS/glibc-2.27/time/../sysdeps/unix/sysv/linux/x86/gettimeofday.c
cfn=(288) gettimeofday
calls=1 42 
* 77
cob=(3)
cfi=(59) /build/glibc-uZu3wS/glibc-2.27/string/../sysdeps/x86_64/multiarch/ifunc-strcasecmp.h
cfn=(284) strncasecmp_l
calls=1 32 
* 6
cob=(3)
cfi=(62) /build/glibc-uZu3wS/glibc-2.27/string/../sysdeps/x86_64/multiarch/ifunc-avx2.h
cfn=(282) strchrnul
calls=1 32 
* 8
cob=(3)
cfi=(57) /build/glibc-uZu3wS/glibc-2.27/string/../sysdeps/x86_64/multiarch/ifunc-unaligned-ssse3.h
cfn=(278) stpcpy
calls=1 33 
* 5
cob=(3)
cfi=(57)
cfn=(274) stpncpy
calls=1 33 
* 5
cob=(3)
cfi=(72) /build/glibc-uZu3wS/glibc-2.27/string/../sysdeps/x86_64/multiarch/ifunc-sse4_2.h
cfn=(272) strspn
calls=1 30 
* 6
cob=(3)
cfi=(66) /build/glibc-uZu3wS/glibc-2.27/wcsmbs/../sysdeps/x86_64/multiarch/ifunc-avx2.h
cfn=(270) wcslen
calls=1 32 
* 8
cob=(3)
cfi=(62)
cfn=(268) memchr
calls=1 32 
* 8
cob=(3)
cfi=(59)
cfn=(264) strcasecmp_l
calls=1 32 
* 6
cob=(3)
cfi=(62)
cfn=(262) memrchr
calls=1 32 
* 8
cob=(3)
cfi=(62)
cfn=(260) strlen
calls=1 32 
* 8
cob=(3)
cfi=(77) /build/glibc-uZu3wS/glibc-2.27/string/../sysdeps/x86_64/multiarch/strchr.c
cfn=(258) index
calls=1 40 
* 8
cob=(3)
cfi=(72)
cfn=(256) strpbrk
calls=1 30 
* 6
cob=(3)
cfi=(76) /build/glibc-uZu3wS/glibc-2.27/wcsmbs/../sysdeps/x86_64/multiarch/ifunc-wmemset.h
cfn=(254) wmemset
calls=2 32 
* 26
cob=(3)
cfi=(75) /build/glibc-uZu3wS/glibc-2.27/wcsmbs/../sysdeps/x86_64/multiarch/wcsnlen.c
cfn=(252) wcsnlen
calls=1 40 
* 7
cob=(3)
cfi=(56) /build/glibc-uZu3wS/glibc-2.27/string/../sysdeps/x86_64/multiarch/ifunc-memmove.h
cfn=(250) memcpy@@GLIBC_2.14
calls=1 44 
* 16
cob=(3)
cfi=(57)
cfn=(246) strcpy
calls=1 33 
* 5
cob=(3)
cfi=(59)
cfn=(242) strncasecmp
calls=1 32 
* 6
cob=(3)
cfi=(72)
cfn=(240) strcspn
calls=1 30 
* 6
cob=(3)
cfi=(62)
cfn=(238) strnlen
calls=2 32 
* 16
cob=(3)
cfi=(66)
cfn=(236) wcschr
calls=2 32 
* 16
cob=(3)
cfi=(71) /build/glibc-uZu3wS/glibc-2.27/string/../sysdeps/x86_64/multiarch/ifunc-memset.h
cfn=(234) memset
calls=1 42 
* 18
cob=(3)
cfi=(70) /build/glibc-uZu3wS/glibc-2.27/string/../sysdeps/x86_64/multiarch/strcmp.c
cfn=(232) strcmp
calls=1 38 
* 5
cob=(3)
cfi=(69) /build/glibc-uZu3wS/glibc-2.27/string/../sysdeps/x86_64/multiarch/strncmp.c
cfn=(230) strncmp
calls=1 38 
* 8
cob=(3)
cfi=(67) /build/glibc-uZu3wS/glibc-2.27/string/../sysdeps/x86_64/multiarch/ifunc-memcmp.h
cfn=(226) bcmp
calls=1 33 
* 13
cob=(3)
cfi=(56)
cfn=(224) mempcpy
calls=1 44 
* 16
cob=(3)
cfi=(66)
cfn=(222) wmemchr
calls=2 32 
* 16
cob=(3)
cfi=(62)
cfn=(220) rawmemchr
calls=1 32 
* 8
cob=(3)
cfi=(63) /build/glibc-uZu3wS/glibc-2.27/time/../sysdeps/unix/sysv/linux/x86/time.c
cfn=(214) time
calls=1 43 
* 77
cob=(3)
cfi=(62)
cfn=(212) rindex
calls=1 32 
* 8
cob=(3)
cfi=(57)
cfn=(208) strcat
calls=1 33 
* 5
cob=(3)
cfi=(59)
cfn=(204) strcasecmp
calls=1 32 
* 6
cob=(3)
cfi=(57)
cfn=(200) strncpy
calls=1 33 
* 5
cob=(3)
cfi=(56)
cfn=(198) memmove
calls=2 44 
* 32
-26 63
+27 63
fi=(4)
75 197
fe=(54)
258 4
fi=(4)
75 64
fe=(54)
258 64
+3 68
+24 17
+3 34
+17 51
+8 85
+3 17
-3 17
+3 17
+4 34
+1 51
cfi=(44)
cfn=(138)
calls=17 78 
* 85
* 34
-14 136
fi=(5)
131 36
458 26216
fi=(4)
124 19794
+19 80
fi=(5)
430 75
+4 100
+5 25
+9 25
-9 50
+9 50
-72 21
+2 14
+9 21
-19 20
+1 40
497 6
+4 12
cfi=(20)
cfn=(48)
calls=2 129 
* 20
+2 6
+1 2
308 40
+5 20
-3 40
+3 6595
-3 13070
+3 19605
+3 285
+3 114
+1 171
+1 114
+4 57
+7 57
cob=(5)
cfi=(96)
cfn=(366)
calls=1 46 
* 2
cob=(3)
cfi=(63)
cfn=(214)
calls=2 43 
* 154
cob=(3)
cfi=(56)
cfn=(250)
calls=4 44 
* 64
cob=(3)
cfi=(72)
cfn=(240)
calls=1 30 
* 6
cob=(3)
cfi=(57)
cfn=(200)
calls=1 33 
* 5
cob=(3)
cfi=(67)
cfn=(226)
calls=3 33 
* 39
cob=(3)
cfi=(57)
cfn=(246)
calls=2 33 
* 10
cob=(3)
cfi=(95) /build/glibc-uZu3wS/glibc-2.27/debug/../sysdeps/x86_64/multiarch/ifunc-memset.h
cfn=(362) __memset_chk
calls=3 42 
* 54
cob=(3)
cfi=(59)
cfn=(242)
calls=2 32 
* 12
cob=(3)
cfi=(77)
cfn=(258)
calls=3 40 
* 24
cob=(3)
cfi=(56)
cfn=(198)
calls=4 44 
* 64
cob=(3)
cfi=(72)
cfn=(272)
calls=1 30 
* 6
cob=(3)
cfi=(57)
cfn=(208)
calls=1 33 
* 5
cob=(3)
cfi=(94) /build/glibc-uZu3wS/glibc-2.27/string/../sysdeps/x86_64/multiarch/strstr.c
cfn=(360) strstr
calls=1 44 
* 6
cob=(3)
cfi=(62)
cfn=(212)
calls=2 32 
* 16
cob=(3)
cfi=(62)
cfn=(260)
calls=4 32 
* 32
cob=(3)
cfi=(93) /build/glibc-uZu3wS/glibc-2.27/debug/../sysdeps/x86_64/multiarch/ifunc-memmove.h
cfn=(358) __memcpy_chk
calls=4 44 
* 64
cob=(3)
cfi=(69)
cfn=(230)
calls=2 38 
* 16
cob=(3)
cfi=(82)
cfn=(288)
calls=4 42 
* 308
cob=(3)
cfi=(57)
cfn=(278)
calls=1 33 
* 5
cob=(3)
cfi=(62)
cfn=(268)
calls=3 32 
* 24
cob=(3)
cfi=(71)
cfn=(234)
calls=4 42 
* 72
cob=(3)
cfi=(70)
cfn=(232)
calls=2 38 
* 10
cob=(3)
cfi=(59)
cfn=(204)
calls=2 32 
* 12
* 171
-24 2601
fi=(4)
61 24
-10 12
-1 24
fi=(5)
551 4986
+4 4986
+2 7479
+1 2493
fi=(4)
61 7668
+2 10224
+2 193
+46 44
fi=(5)
541 15502
fi=(4)
111 15502
fi=(5)
541 15502
fi=(4)
111 15502
fi=(5)
541 15502
fi=(4)
111 15502
fi=(5)
535 15502
fi=(4)
112 31004
fi=(5)
535 31004
+5 31004
fi=(4)
50 1
160 1
51 1
160 4
+2 20
+9 10
-1 5
+1 5
-1 10
fi=(5)
276 5
fi=(4)
170 15
fi=(5)
276 5
+21 10
+4 10
+7 20
fi=(55)
102 15
fi=(5)
308 170
cfi=(6)
cfn=(192)
calls=5 790 
* 5108
* 35
+2 15
+25 30
fe=(54)
-77 25
fi=(5)
82 24
+4 36
+14 12
-8 12
+8 24
+20 24
+4 48
-2 24
458 20
fi=(4)
160 17
+14 2
fi=(5)
313 2
-3 4
+3 6
-5 82183
fe=(54)
180 12
fi=(5)
308 4776
fe=(54)

fl=(46)
fn=(144)
27 64
+1 16

fl=(35) /build/glibc-uZu3wS/glibc-2.27/setjmp/../sysdeps/x86_64/setjmp.S
fn=(112) __sigsetjmp
26 57
+9 57
+1 114
+1 57
+4 57
+1 57
+1 57
+1 57
+1 57
+2 114
+2 57
+1 57
+1 57
+2 114
+2 57
+4 57
+1 57

fl=(37)
fn=(122)
39 75
fi=(38) /build/glibc-uZu3wS/glibc-2.27/io/../sysdeps/unix/sysv/linux/open64.c
-3 75
+3 450
+8 525
+2 16
-2 177
+2 59
fe=(37)

fl=(39) /build/glibc-uZu3wS/glibc-2.27/io/../sysdeps/unix/sysv/linux/read.c
fn=(126) read
27 60
+1 15

fl=(47) /build/glibc-uZu3wS/glibc-2.27/io/../sysdeps/unix/sysv/linux/access.c
fn=(146) access
27 7
+4 1

fl=(21)
fn=(56)
144 23629
+1 23629
+2 23629
+1 23629
+21 23629
+1 23629
+1 21544
+1 21544
+1 17487
+1 17487
+1 17487
+1 17487
+21 17487
+1 17487
+1 17487
+1 17487
+1 17487
+1 17487
+1 17487
+5 433
+1 433
+9 433
+1 433
+1 433
+1 433
+1 433
+1 433
+1 433
+1 433
-7 6142
+1 6142
+1 6142
+1 6142
+1 6142
+1 6142
+1 6142
+1 6142
+1 4841
+1 3824
+1 3824
+1 3824
+2 3824
+1 3824
+1 3824
+1 3824
+1 3824
+1 3824
-5 1017
+1 1017
+1 1017
+1 1017
+1 1017
+1 1017
+10 1734
+1 1734
+1 1734
+2 1734
+6 1734
+1 1734
+1 1734
+1 1734
+1 1734
+5 1734
+2 1280
+1 1280
+1 2560
+8 1280
+1 1280
+3 1280
+1 1280
+1 1280
+1 1280
+1 1280
+1 1280
-9 33
+1 33
+3 33
+1 33
+1 33
+1 33
+1 33
+1 33
+6 59
+1 59
+1 59
+3 59
+1 59
+1 59
+1 59
+1 59
+1 59
+5 33
+1 33
+9 301
+1 301
+1 301
+1 301
+1 301
+2 301
+1 301
+1 301
+1 301
+1 301
+1 301
+1 301
+1 129
+3 129
+1 129
+1 129
+6 129
+1 129
+1 258
+4 129
+1 129
-1 3
+1 3
+3 132
+1 132
+1 132
+3 132
+1 132
+1 132
+6 132
+1 132
+1 132
+1 132
+1 132
+1 132
+6 3
+1 3
+2 3
+1 3
+2 3
+1 3
+1 3
+3 3
+1 3
+1 3
+6 3
+1 3
+1 3
+1 3
+1 3
+1 3
+6 3
+1 3
+1 3
+40 62
+1 62
+1 62
+1 62
+1 62
+2 62
+1 62
+1 62
+1 62
+1 62
+1 62
+1 62
+1 38
+3 38
+1 38
+1 38
+6 38
+1 38
+1 76
+4 38
+1 38
-1 7
+1 7
+3 45
+1 45
+1 45
+3 45
+1 45
+1 45
+6 45
+1 45
+1 45
+1 45
+1 45
+1 45
+7 11
+1 11
+2 11
+1 11
+2 11
+1 11
+1 11
+3 11
+1 11
+1 11
+6 11
+1 11
+1 11
+1 11
+1 11
+1 11
+7 7
+1 7
+1 7
+32 637
+1 637
+1 637
+1 637
+1 637
+2 637
+1 637
+1 637
+1 637
+1 637
+1 637
+1 637
+1 289
+4 289
+1 289
+1 289
+6 289
+1 289
+1 578
+4 289
+1 289
-1 7
+1 7
+3 296
+1 296
+1 296
+3 296
+1 296
+1 296
+6 296
+1 296
+1 296
+1 296
+1 296
+1 296
+7 13
+1 13
+2 13
+1 13
+2 13
+1 13
+1 13
+3 13
+1 13
+1 13
+6 13
+1 13
+1 13
+1 13
+1 13
+1 13
+7 7
+1 7
+1 7
+32 1916
+1 1916
+1 1916
+1 1916
+1 1916
+2 1916
+1 1916
+1 1916
+1 1916
+1 1916
+1 1916
+1 1916
+1 134
+4 134
+1 134
+1 134
+6 134
+1 134
+1 268
+4 134
+1 134
-1 4
+1 4
+3 138
+1 138
+1 138
+3 138
+1 138
+1 138
+6 138
+1 138
+1 138
+1 138
+1 138
+1 138
+7 14
+1 14
+2 14
+1 14
+2 14
+1 14
+1 14
+3 14
+1 14
+1 14
+6 14
+1 14
+1 14
+1 14
+1 14
+1 14
+7 4
+1 4
+1 4
+32 61
+1 61
+1 61
+1 61
+1 61
+2 61
+1 61
+1 61
+1 61
+1 61
+1 61
+1 61
+1 55
+4 55
+1 55
+1 55
+6 55
+1 55
+1 110
+4 55
+1 55
-1 8
+1 8
+3 63
+1 63
+1 63
+3 63
+1 63
+1 63
+6 63
+1 63
+1 63
+1 63
+1 63
+1 63
+7 16
+1 16
+2 16
+1 16
+2 16
+1 16
+1 16
+3 16
+1 16
+1 16
+6 16
+1 16
+1 16
+1 16
+1 16
+1 16
+7 8
+1 8
+1 8
+32 46
+1 46
+1 46
+1 46
+1 46
+2 46
+1 46
+1 46
+1 46
+1 46
+1 46
+1 46
+1 40
+4 40
+1 40
+1 40
+6 40
+1 40
+1 80
+4 40
+1 40
-1 7
+1 7
+3 47
+1 47
+1 47
+3 47
+1 47
+1 47
+6 47
+1 47
+1 47
+1 47
+1 47
+1 47
+7 16
+1 16
+2 16
+1 16
+2 16
+1 16
+1 16
+3 16
+1 16
+1 16
+6 16
+1 16
+1 16
+1 16
+1 16
+1 16
+7 7
+1 7
+1 7
+32 165
+1 165
+1 165
+1 165
+1 165
+2 165
+1 165
+1 165
+1 165
+1 165
+1 165
+1 165
+1 52
+4 52
+1 52
+1 52
+6 52
+1 52
+1 104
+4 52
+1 52
-1 11
+1 11
+3 63
+1 63
+1 63
+3 63
+1 63
+1 63
+6 63
+1 63
+1 63
+1 63
+1 63
+1 63
+7 22
+1 22
+2 22
+1 22
+2 22
+1 22
+1 22
+3 22
+1 22
+1 22
+6 22
+1 22
+1 22
+1 22
+1 22
+1 22
+7 11
+1 11
+1 11
+4 1
+1 1
+1 1
+1 1
+7 1
+1 1
+1 1
+16 80
+1 80
+1 80
+1 80
+1 80
+2 80
+1 80
+1 80
+1 80
+1 80
+1 80
+1 80
+1 69
+4 69
+1 69
+1 69
+6 69
+1 69
+1 138
+4 69
+1 69
-1 12
+1 12
+3 81
+1 81
+1 81
+3 81
+1 81
+1 81
+6 81
+1 81
+1 81
+1 81
+1 81
+1 81
+7 25
+1 25
+2 25
+1 25
+2 25
+1 25
+1 25
+3 25
+1 25
+1 25
+6 25
+1 25
+1 25
+1 25
+1 25
+1 25
+7 12
+1 12
+1 12
+32 80
+1 80
+1 80
+1 80
+1 80
+2 80
+1 80
+1 80
+1 80
+1 80
+1 80
+1 80
+1 67
+4 67
+1 67
+1 67
+6 67
+1 67
+1 134
+4 67
+1 67
-1 7
+1 7
+3 74
+1 74
+1 74
+3 74
+1 74
+1 74
+6 74
+1 74
+1 74
+1 74
+1 74
+1 74
+7 23
+1 23
+2 23
+1 23
+2 23
+1 23
+1 23
+3 23
+1 23
+1 23
+6 23
+1 23
+1 23
+1 23
+1 23
+1 23
+7 7
+1 7
+1 7
+32 100
+1 100
+1 100
+1 100
+1 100
+2 100
+1 100
+1 100
+1 100
+1 100
+1 100
+1 100
+1 70
+4 70
+1 70
+1 70
+6 70
+1 70
+1 140
+4 70
+1 70
-1 8
+1 8
+3 78
+1 78
+1 78
+3 78
+1 78
+1 78
+6 78
+1 78
+1 78
+1 78
+1 78
+1 78
+7 25
+1 25
+2 25
+1 25
+2 25
+1 25
+1 25
+3 25
+1 25
+1 25
+6 25
+1 25
+1 25
+1 25
+1 25
+1 25
+7 8
+1 8
+1 8
+32 198
+1 198
+1 198
+1 198
+1 198
+2 198
+1 198
+1 198
+1 198
+1 198
+1 198
+1 198
+1 97
+4 97
+1 97
+1 97
+6 97
+1 97
+1 194
+4 97
+1 97
-1 9
+1 9
+3 106
+1 106
+1 106
+3 106
+1 106
+1 106
+6 106
+1 106
+1 106
+1 106
+1 106
+1 106
+7 29
+1 29
+2 29
+1 29
+2 29
+1 29
+1 29
+3 29
+1 29
+1 29
+6 29
+1 29
+1 29
+1 29
+1 29
+1 29
+7 9
+1 9
+1 9
+32 531
+1 531
+1 531
+1 531
+1 531
+2 531
+1 531
+1 531
+1 531
+1 531
+1 531
+1 531
+1 506
+4 506
+1 506
+1 506
+6 506
+1 506
+1 1012
+4 506
+1 506
-1 18
+1 18
+3 524
+1 524
+1 524
+3 524
+1 524
+1 524
+6 524
+1 524
+1 524
+1 524
+1 524
+1 524
+7 38
+1 38
+2 38
+1 38
+2 38
+1 38
+1 38
+3 38
+1 38
+1 38
+6 38
+1 38
+1 38
+1 38
+1 38
+1 38
+7 18
+1 18
+1 18
+4 1
+1 1
+1 1
+1 1
+7 1
+1 1
+1 1
+16 179
+1 179
+1 179
+1 179
+1 179
+2 179
+1 179
+1 179
+1 179
+1 179
+1 179
+1 179
+1 94
+4 94
+1 94
+1 94
+6 94
+1 94
+1 188
+4 94
+1 94
-1 17
+1 17
+3 111
+1 111
+1 111
+3 111
+1 111
+1 111
+6 111
+1 111
+1 111
+1 111
+1 111
+1 111
+7 39
+1 39
+2 39
+1 39
+2 39
+1 39
+1 39
+3 39
+1 39
+1 39
+6 39
+1 39
+1 39
+1 39
+1 39
+1 39
+7 17
+1 17
+1 17
+32 206
+1 206
+1 206
+1 206
+1 206
+2 206
+1 206
+1 206
+1 206
+1 206
+1 206
+1 206
+1 158
+4 158
+1 158
+1 158
+6 158
+1 158
+1 316
+4 158
+1 158
-1 19
+1 19
+3 178
+1 178
+1 178
+3 178
+1 178
+1 178
+6 178
+1 178
+1 178
+1 178
+1 178
+1 178
+7 42
+1 42
+2 42
+1 42
+2 41
+1 41
+1 41
+3 41
+1 41
+1 41
+6 41
+1 41
+1 41
+1 41
+1 41
+1 41
+7 19
+1 19
+1 19
+4 5
+1 5
+1 5
+1 5
+7 5
+1 5
+1 5
+16 279
+1 279
+1 279
+1 279
+1 279
+2 279
+1 279
+1 279
+1 279
+1 279
+1 279
+1 279
+2 133
+4 133
+1 133
+1 133
+6 133
+1 133
+2 266
+4 133
+1 133
-1 26
+1 26
+3 159
+1 159
+1 159
+3 159
+1 159
+1 159
+6 159
+1 159
+1 159
+1 159
+1 159
+1 159
+7 52
+1 52
+2 52
+1 52
+2 52
+1 52
+1 52
+3 52
+1 52
+1 52
+6 52
+1 52
+1 52
+1 52
+1 52
+1 52
+7 26
+1 26
+1 26
+34 3211
+2 3211
+1 3211
+1 3211
+1 3211
-3 3364
+1 3364
+1 3364
+1 3364
+1 11472
+5 3824
+6 3824
+1 3824
+8 3824
+1 3824
-16 19805
+6 19805
+1 19805
+8 19805
+1 19805

fl=(12)
fn=(22)
31 7
+8 1
-6 2
+7 1

fl=(33) /build/glibc-uZu3wS/glibc-2.27/string/../sysdeps/x86_64/strcspn.S
fn=(102) strcspn
30 1
+7 1
+1 1
+2 1
+1 1
+1 1
+1 1
+1 33
+3 2
+7 1
+1 1
+1 1
+1 1
+2 1
+1 1
+1 1
+1 1
+2 1
+1 1
+1 1
+9 3
+12 1
+2 1
+1 1
+1 1
-4 11
+2 11
+1 11
+1 11
+2 12
+1 12
+1 12
+2 12
+1 12
+1 12
+2 12
+1 12
+1 12
+2 1
+1 1
+1 1
+2 1
+7 1
+4 1

fl=(1) ???
fn=(0) 0x0000000000001090
0 2
cfi=(2)
cfn=(2) _dl_start
calls=1 444 
0 6020525
0 14
cfi=(97) /build/glibc-uZu3wS/glibc-2.27/elf/dl-init.c
cfn=(378) _dl_init
calls=1 79 
0 250503

fl=(52) /build/glibc-uZu3wS/glibc-2.27/elf/dl-sort-maps.c
fn=(168) _dl_sort_maps
28 8
+2 1
-2 1
+2 1
+92 5
-88 5
+1 2
-1 1
-1 1
+1 4
+1 1
cfi=(28)
cfn=(76)
calls=1 +74 
* 12
* 16
+4 2
+3 1
-3 2
+1 3
+2 1
-7 19
+4 38
+3 19
-3 38
+1 57
+2 19
+12 154
+2 57
+1 38
-1 327
+1 331
+2 1431
+1 1104
+6 8
-1 4
+1 4
-1 32
cfi=(20)
cfn=(48)
calls=4 +64 
* 64
+2 4
+2 28
+5 4
+3 24
+41 90
cfi=(28)
cfn=(76)
calls=15 -9 
* 195
* 60
-28 496
-36 248
+61 92
-31 28
cfi=(20)
cfn=(48)
calls=4 +45 
* 40
+1 12
+2 4
-2 4
+2 4
+28 1
+7 8

fl=(34) /build/glibc-uZu3wS/glibc-2.27/elf/dl-error-skeleton.c
fn=(170) _dl_receive_error
226 3
+1 1
+1 1
+3 1
+1 1
+2 2
cfi=(2)
cfn=(172) version_check_doit
calls=1 621 
* 87250
+2 1
+1 1
+1 4

fn=(110) _dl_catch_exception
175 114
+15 57
-3 114
+4 57
-3 57
-13 57
+19 57
-3 57
+3 57
-19 57
+13 57
+2 57
+4 57
cfi=(35)
cfn=(112)
calls=57 26 
* 1140
* 171
+2 171
cfi=(48) /build/glibc-uZu3wS/glibc-2.27/elf/dl-deps.c
cfn=(152) openaux
calls=56 60 
* 138470
cfi=(2)
cfn=(114) map_doit
calls=1 588 
* 2308
+2 57
-1 57
+1 114
-1 57
+1 57
+9 228

fn=(106) _dl_catch_error
213 6
+2 2
-2 1
+2 2
cfn=(110)
calls=1 -40 
* 2359
* 1
+1 2
+1 1
+1 1
-1 1
+1 1
+2 5

fl=(20)
fn=(74) mempcpy
116 193
+1 193
+1 193
+17 193
+1 193
+1 70
+1 70
+5 57
+1 57
+1 57
+1 57
+5 57
275 123
+1 123
+1 56
+1 56
+1 47
+1 47
+1 45
+4 45
+22 67
+1 67
+1 67
+1 67
+1 67
+3 9
+1 9
+1 9
+1 9
+1 9
+3 2
+1 2
+1 2
+1 2
+1 2
+10 13
+1 13
+1 13
+1 13
+22 13
+1 13
+1 13
+1 13
+1 13
+1 13
+1 13
+1 13
+2 13

fn=(48)
129 94
+6 94
+1 94
+1 71
+1 71
+5 35
+1 35
+1 35
+1 35
+5 35
275 23
+1 23
+1 3
+1 3
+1 3
+1 3
+1 3
+1 3
+1 3
+2 3
+22 20
+1 20
+1 20
+1 20
+1 20
+24 36
+1 36
+1 35
+1 35
+2 2
+1 2
+1 2
+1 2
+1 2
+1 2
+1 2
+1 2
+1 2
+1 2
+1 2
+1 2
+1 2
+1 2
+1 2
+1 2
+2 2
+3 33
+1 33
+1 33
+1 33
+1 33
+1 33
+1 33
+1 33
+2 33
+3 1
+1 1
+2 1
+3 1
+1 1
+1 1
+1 1
+1 1
+2 1
+1 1
+3 1
+1 1
+2 1
+2 1
+2 1
+2 1
+8 1
+1 1
+1 1
+1 1
+1 1
+1 1
+1 1
+1 1
+1 1
+1 1
+1 1
+1 1
+1 1
+2 1
+1 1
+1 1
+1 1
+2 1
+2 1

fl=(48)
fn=(148) _dl_map_object_deps
159 1
-1 1
+1 1
-1 4
+1 1
-1 2
+1 1
-1 2
+1 1
-1 2
+1 1
-8 1
+8 2
-14 1
+6 3
+24 1
-16 1
-16 1
+1 1
+1 1
+6 1
+24 2
-28 2
-2 1
+31 1
-33 3
+2 2
-1 1
+1 2
+6 3
+24 1
-24 1
+24 6
+4 1
+19 1
+2 2
-14 1
-1 1
+13 1
304 4
-91 1
-4 1
+4 18
-4 16
+4 32
+12 34
+2 15
+11 15
-5 15
-6 30
+5 15
+2 30
+1 30
+3 60
-32 15
+32 15
+66 45
-55 168
-2 56
+2 56
cfi=(34)
cfn=(110)
calls=56 -74 
* 141326
* 56
+1 112
+9 56
+2 112
+5 15
+6 15
+2 15
-8 30
+3 15
+1 15
+1 15
+1 15
+4 75
+4 112
+1 176
-43 1748
+1 874
+6 224
cfi=(24) /build/glibc-uZu3wS/glibc-2.27/elf/dl-load.c
cfn=(150) _dl_dst_count
calls=56 -15 
* 2776
* 280
434 34
+2 45
+3 30
-1 15
cfi=(19)
cfn=(46)
calls=15 50 
* 270
* 15
+2 15
-2 15
+2 15
+4 60
-1 15
+1 15
cfi=(20)
cfn=(48)
calls=15 129 
* 182
+1 90
cfi=(20)
cfn=(48)
calls=15 129 
* 182
+4 15
-1 15
+5 100
283 1143
460 6
+4 5
+11 4
-1 1
cfi=(19)
cfn=(46)
calls=1 50 
* 18
* 1
+3 1
-3 1
+3 2
+5 7
+1 1
+2 5
+6 2
+4 3
-10 19
+6 32
+4 48
-10 48
+13 2
+51 3
+2 1
-1 1
+1 2
+35 7
cfi=(20)
cfn=(48)
calls=1 129 
* 42
+4 5
cfi=(52)
cfn=(168)
calls=1 28 
* 5153
+3 1
+2 1
+1 1
+1 1
-2 1
+2 2
+7 3
+3 2
+3 8
225 8
-19 4
461 2
214 116
+2 15
+2 60
+2 26
456 48
-1 17
+1 35
199 2
573 32

fn=(152)
60 112
+7 56
-4 168
+1 56
-1 56
+1 56
-1 280
cfi=(24)
cfn=(116) _dl_map_object
calls=56 2151 
* 137518
* 56
+5 112

fl=(30) /build/glibc-uZu3wS/glibc-2.27/string/../sysdeps/x86_64/multiarch/../strchr.S
fn=(88) index
24 77
+1 77
+1 77
+1 77
+1 77
+1 77
+1 77
+1 77
+1 75
+1 75
+1 75
+1 75
+1 75
+1 75
+1 75
+1 75
+1 75
+1 56
+4 56
+1 56
+1 56
+1 56
+2 56
+4 19
+1 19
+1 19
+1 19
+1 19
+1 19
+1 19
+1 19
+1 19
+1 19
+1 19
+1 19
+1 19
+1 19
+1 19
+1 19
+1 19
+1 19
+1 19
+1 19
+1 19
+1 19
+1 19
+1 20
+5 1
+1 1
+3 1
+1 1
+1 1
+1 1
+1 1
+1 1
+1 1
+1 1
+1 1
+1 1
+1 1
+1 1
+1 1
+1 1
+1 1
+1 1
+1 1
+1 1
+2 1
+1 1
+2 1
+1 1
+1 1
+1 1
+1 1
+1 1
+1 1
+1 1
+2 1
+1 1
+1 1
+1 1
+1 1
+1 1
+1 1
+1 1
+1 1
+1 1
+3 1
+4 1
+1 1
+1 1
+1 1
+2 1
-9 20
+4 20
+1 20
+1 20
+1 20
+2 20
+4 2
+1 2
+1 2
+1 2
+1 2
+1 2
+1 2
+1 2
+1 2
+1 2
+1 2
+1 2
+1 2
+1 2
+1 2
+1 2
+1 2
+1 2
+1 2
+1 2
+1 2
+1 2
+1 2
+1 2
+1 2
+1 2
+1 2
+1 2
+1 2
+1 2
+1 2
+1 2
+1 2
+1 2
+1 2
+1 2
+1 2
+1 2
+1 1

fl=(9)
fn=(26)
373 192
+4 32
-4 126
+9 8
+1 8
-6 24
+22 160
+2 32

fn=(16)
289 8
-9 3
150 4
-82 116
+6 37
-3 37
+3 2474
+4 74
+5 37
297 37
83 37
297 37
fi=(10) /build/glibc-uZu3wS/glibc-2.27/elf/dl-tunables.h
121 74
-1 10
+1 4
-1 8
+1 32
-1 40
fe=(9)
330 148
-12 4070
fi=(10)
120 1332
+1 1505
-1 222
fe=(9)
312 3293
68 74
364 8

fl=(2)
fn=(2)
444 9
+19 4
fi=(3) /build/glibc-uZu3wS/glibc-2.27/elf/get-dynamic-info.h
48 1
fe=(2)
463 1
fi=(5)
59 3
fi=(3)
-11 1
fe=(2)
489 1
-3 1
fi=(3)
48 1
+25 2
-3 1
-7 1
+5 1
+3 1
+2 1
-6 1
+3 1
-3 2
-3 16
+10 4
-26 12
+16 13
+10 13
-26 39
+26 1
-26 3
+2 36
+13 20
+2 4
+16 2
+20 4
+1 4
+1 4
+1 4
+2 4
+5 4
+1 4
+1 4
+6 3
+5 2
+7 3
+1 3
+8 3
+3 3
+4 2
+1 2
fe=(2)
500 2
393 1
507 1
393 1
cfi=(6)
cfn=(10) _dl_setup_hash
calls=1 939 
* 23
+1 2
+1 2
+1 2
+1 2
+8 1
+9 1
-9 3
+9 1
-6 1
-3 1
+9 1
cfi=(7)
cfn=(12)
calls=1 88 
* 6019493
* 1
+9 4
+3 1
+4 1
-4 1
+4 1
532 9
-27 27
fi=(4)
84 1
+27 1
-28 1
+28 2
+1 2
fi=(5)
540 2
fi=(4)
112 76
fi=(5)
540 76
+1 39
fi=(4)
111 39
fi=(5)
541 39
fi=(4)
111 39
fi=(5)
541 39
fi=(4)
111 39
+5 2
+8 1
fi=(5)
335 1
+87 1
fi=(4)
124 2
+12 1
+3 1
-3 1
+3 1
-3 1
fi=(5)
301 1
fi=(4)
137 1
fi=(5)
301 1
fi=(4)
137 1
fi=(5)
301 1
fi=(4)
136 8
+3 8
-3 8
+3 8
-3 8
fi=(5)
301 8
fi=(4)
137 8
fi=(5)
301 8
fi=(4)
137 8
fi=(5)
301 8
+9 27
+3 9
-3 18
+3 27
+22 54
fi=(3)
68 4
fi=(4)
+56 28
fi=(5)
354 27
fi=(3)
71 4
+1 1
+1 2
fe=(2)

fn=(54) rtld_lock_default_unlock_recursive
790 205
+1 205

fn=(172)
621 2
+2 4
cfi=(53) /build/glibc-uZu3wS/glibc-2.27/elf/dl-version.c
cfn=(174) _dl_check_all_versions
calls=1 362 
* 87240
* 2
+4 2

fn=(32)
870 1
+17 1
-17 10
+17 1
+4 1
2471 1
870 1
+21 1
+1 1
2466 1
892 1
+5 1
2471 1
897 1
2464 2
+7 3
-4 1
+4 3
+2 2
cfi=(15) /build/glibc-uZu3wS/glibc-2.27/elf/dl-environ.c
cfn=(34) _dl_next_ld_env_entry
calls=1 29 
* 46
* 4
cfi=(15)
cfn=(34)
calls=2 29 
* 228
* 9
+4 6
-2 2
+2 42
+1 19
-1 57
+3 4
+6 14
+76 3
+1 4
cfi=(16) /build/glibc-uZu3wS/glibc-2.27/string/../sysdeps/x86_64/memcmp.S
cfn=(36) bcmp
calls=1 28 
* 31
* 2
-56 2
+7 4
cfi=(16)
cfn=(36)
calls=1 28 
* 36
* 2
+2 3
2635 3
+32 3
907 3
1108 7
cfi=(17) /build/glibc-uZu3wS/glibc-2.27/elf/dl-object.c
cfn=(38) _dl_new_object
calls=1 59 
* 230
+2 1
-2 1
+2 1
+1 1
+1 1
+5 2
-5 1
+1 2
+4 1
cfi=(17)
cfn=(50) _dl_add_to_namespace_list
calls=1 31 
* 33
+1 2
879 1
1147 1
-3 1
-5 1
+1 1
+2 1
+5 5
+56 2
876 1
1166 1
+22 1
+15 2
-55 36
-1 33
+1 65
+69 3
+6 1
+1 1
+2 1
-1 1
-1 2
+1 1
+4 4
+1 1
-83 2
+84 1
+3 1
-4 1
+4 1
-87 1
1250 3
+2 2
+1 2
+2 2
+2 3
+13 3
+3 2
-2 1
+2 1
-2 3
cfi=(21)
cfn=(56)
calls=1 144 
* 24
* 2
+7 1
+3 1
-5 1
+3 1
-3 1
+5 1
+1 2
+4 2
+2 2
fi=(3)
33 1
+9 2
+6 1
-2 1
+2 2
+15 1
+5 1
+3 1
+2 1
-3 1
-3 1
-3 1
-14 76
+13 24
+1 20
+10 5
-26 15
+16 32
+10 32
-26 96
+26 1
-26 3
+33 3
+20 3
+1 4
+1 4
+1 4
+2 4
+5 4
+1 4
+1 4
+6 3
+5 2
+7 2
+1 3
+18 3
+14 3
+10 1
-8 3
+8 1
+5 2
+1 2
+2 2
fe=(2)
1293 2
cfi=(6)
cfn=(10)
calls=1 939 
* 23
+3 2
fi=(22) /build/glibc-uZu3wS/glibc-2.27/elf/setup-vdso.h
24 2
fe=(2)
1318 1
cfi=(11)
cfn=(62) _dl_discover_osversion
calls=1 45 
* 87
* 9
-6 5
1167 2
+9 1
-7 1
-3 1
+10 1
+18 2
-37 3
+1 1
-6 3
+1 1
fi=(3)
65 4
+3 4
fe=(2)
1203 4
-1 4
+1 8
-1 4
+2 8
+1 1
+3 2
+1 2
-1 6
+1 6
+1 4
+1 10
+1 2
+31 2
+1 2
+1 1
-6 2
+1 1
fi=(3)
71 4
+1 1
+1 3
fe=(2)
1323 2
cfi=(24)
cfn=(66) _dl_init_paths
calls=1 678 
* 3854
+3 3
cfi=(31) /build/glibc-uZu3wS/glibc-2.27/elf/dl-debug.c
cfn=(94) _dl_debug_initialize
calls=1 49 
* 17
+7 1
-7 1
+2 1
+5 1
+3 3
+1 1
+3 1
-3 3
+1 2
+3 1
+5 1
-7 1
+7 1
+1 5
+17 2
+1 2
+5 1
-3 3
+2 1
+1 2
+5 2
+1 5
-1 2
+3 2
+1 2
+5 2
+6 4
+1 1
-2 1
885 1
1391 1
1570 1
cfi=(32) /build/glibc-uZu3wS/glibc-2.27/elf/../elf/dl-tls.c
cfn=(96) _dl_count_modids
calls=1 113 
* 4
* 1
+8 3
+3 2
+4 3
+5 2
+1 1
cfi=(31)
cfn=(98) _dl_debug_state
calls=1 74 
* 1
+1 1
+4 2
+15 3
+4 1
-2 1
+2 2
+2 3
+1 1
-1 2
+1 1
cfn=(100) handle_ld_preload
calls=1 837 
* 2687
* 1
+1 4
+2 2
+10 3
cfi=(47)
cfn=(146)
calls=1 27 
* 8
* 2
+77 1
-96 1
+96 3
+17 3
+1 1
-1 1
+1 2
-1 1
+1 5
cfi=(48)
cfn=(148)
calls=1 159 
* 156871
+1 4
+5 1
-3 2
+3 2
+1 7
-1 2
+1 48
-1 32
+4 3
+1 3
+1 1
+2 2
+1 5
-1 14
+1 36
-1 36
+47 2
+2 2
-1 1
-1 2
+2 4
cfi=(34)
cfn=(170)
calls=1 226 
* 87265
+10 1
+1 1
-1 1
+1 1
+1 1
cfn=(178) init_tls
calls=1 687 
* 835
* 1
+2 2
799 1
fi=(156) /build/glibc-uZu3wS/glibc-2.27/elf/../sysdeps/unix/sysv/linux/dl-osinfo.h
64 2
fe=(2)
801 1
fi=(156)
77 1
fe=(2)
810 1
+7 1
-5 1
1808 2
2038 3
2161 3
+7 1
+2 3
+1 1
-1 2
+2 36
+2 17
-2 34
+2 17
+5 34
+2 34
+6 17
+2 34
+1 128
cfi=(54)
cfn=(184)
calls=16 148 
* 5739424
+4 44
+1 10
cfi=(32)
cfn=(292) _dl_add_to_slotinfo
calls=5 887 
* 100
* 5
-12 1
+1 1
-3 2
+29 4
+2 1
+7 3
cfi=(32)
cfn=(368) _dl_allocate_tls_init
calls=1 437 
* 589
+3 2
-25 4
+2 2
+6 1
-6 1
+6 1
+26 3
+2 4
+15 1
+2 1
-2 2
+3 1
-3 1
+3 1
-3 1
+3 3
cfi=(54)
cfn=(184)
calls=1 148 
* 10755
+1 4
+2 2
+8 1
cfi=(7)
cfn=(370)
calls=1 260 
* 1
+4 2
+20 3
cfi=(31)
cfn=(94)
calls=1 49 
* 8
+1 1
-1 1
+2 1
cfi=(31)
cfn=(98)
calls=1 74 
* 1
+1 1
+4 1
cfi=(50) /build/glibc-uZu3wS/glibc-2.27/elf/dl-cache.c
cfn=(372) _dl_unload_cache
calls=1 326 
* 15
+5 8
2094 1
+13 1
-9 1
-4 1
+10 1
-6 1
+6 1
+3 1
1753 1
+1 1
-1 2
+1 1
+2 1
+2 4
+2 1
-4 1
+4 2
+14 4
+1 2
+1 3
+2 2
+1 1
-28 1
+28 2
-67 5
+1 1
-1 3
+4 3
+1 1
+1 2
+1 2
2565 3

fn=(52) rtld_lock_default_lock_recursive
784 205
+1 205

fn=(114)
588 1
+2 1
-2 1
+3 2
-1 3
+1 3
cfi=(24)
cfn=(116)
calls=1 2151 
* 2294
* 1
+2 2

fn=(100)
837 8
+1 1
-1 1
-75 1
+86 1
-86 4
+80 2
+3 3
cfi=(33)
cfn=(102)
calls=1 30 
* 218
* 1
+1 3
+9 1
121 1
857 2
121 2
859 2
-97 5
-10 1
+4 1
+1 1
+1 1
+2 1
+2 1
cfi=(34)
cfn=(106)
calls=1 213 
* 2382
* 1
+1 3
+8 4
+71 2
+21 9
-15 4
cfi=(20)
cfn=(48)
calls=1 129 
* 18
+1 2

fn=(178)
687 1
-6 1
+2 2
+4 1
+10 4
cfi=(19)
cfn=(42)
calls=1 92 
* 27
* 1
+11 1
-15 1
+3 1
+6 1
+2 1
-11 1
+15 1
+2 1
-1 1
+1 54
+2 34
+4 5
+2 5
-2 5
-5 34
+9 2
+3 1
cfi=(32)
cfn=(180) _dl_determine_tlsoffset
calls=1 141 
* 194
+7 1
cfi=(32)
cfn=(182) _dl_allocate_tls_storage
calls=1 332 
* 437
+1 1
-1 1
+1 1
+6 1
+3 1
-3 1
+3 6
+3 1
+2 1
+1 3

fl=(15)
fn=(34)
29 3
+3 10
+13 35
-13 105
+2 74
+1 38
+5 2
-3 2
+3 2
+2 2
+7 1

fl=(16)
fn=(36)
28 5
+1 5
+1 5
+1 5
+1 5
+1 5
+1 5
+1 5
+3 4
+1 4
+1 1
+1 1
+1 1
+1 1
+1 1
+1 1
+1 1
+2 4
+1 4
+1 3
+1 3
+1 3
+1 3
+1 3
+1 3
+1 3
+2 3
+1 3
+1 3
+1 3
+1 3
+1 3
+1 2
+1 2
+1 2
+2 2
+1 2
+1 1
+1 1
+1 1
+1 1
+5 1
+1 1
+1 1
+1 1
+1 1
+1 1
+1 1
+18 3
+1 3
+1 1
+1 1
+1 1
+1 1
+1 1
+1 1
+1 1
+1 1
+1 1
+1 1
+1 1
+4 4
+1 4
+13 1
+1 1
+1 1
+2 1
+1 1
+12 1
+1 1
+1 1
+1 1
+8 1
+1 1
+1 1
+1 1
+2 1
+1 1
+16 1
+1 1
+1 1
+1 1
+35 1
+1 1
+1 1
+1 1
+3 1
+1 1
+1 1
+1 1
+1 1
+1 1
+2 1
+1 1
+1 1
+1 1
+1 1
+1 1
+2 1
+1 1
+2 1
+1 1

fl=(25) /build/glibc-uZu3wS/glibc-2.27/elf/dl-hwcaps.c
fn=(68) _dl_important_hwcaps
42 4
+1 1
-1 8
+1 4
-1 1
+1 1
cfi=(9)
cfn=(26)
calls=1 373 
* 18
* 1
+3 3
-3 1
+12 6
+1 3
+1 1
-2 1
+2 1
-2 5
+1 3
+1 1
-2 1
+2 1
-2 5
+10 3
fi=(26) /build/glibc-uZu3wS/glibc-2.27/elf/../sysdeps/unix/sysv/linux/not-errno.h
-37 4
fe=(25)
131 4
-2 1
+17 6
+3 2
329 9
69 3
+77 1
+20 1
-19 1
+36 10
+1 3
-1 2
+1 3
fi=(27) /build/glibc-uZu3wS/glibc-2.27/elf/../sysdeps/x86/dl-hwcap.h
57 6
fe=(25)
186 1
+1 1
cfi=(13)
cfn=(28)
calls=1 79 
* 16
+1 1
-1 1
+1 3
-5 1
+5 1
-5 1
+5 2
-5 5
+8 3
+2 1
+1 6
+4 1
+4 1
-3 1
-1 1
+4 2
+3 4
+4 3
+1 1
-1 5
+1 3
+2 3
+2 2
-1 1
+1 1
-1 1
+2 2
+7 2
+6 11
+1 4
cfi=(19)
cfn=(46)
calls=1 50 
* 18
* 1
+1 1
-1 1
+1 3
+29 10
+3 6
+17 1
-10 1
+10 11
-4 2
-3 1
+3 1
cfi=(20)
cfn=(74)
calls=1 116 
* 16
* 2
-3 1
+3 1
cfi=(20)
cfn=(74)
calls=1 116 
* 16
* 6
+3 7
+1 12
+1 4
cfi=(20)
cfn=(74)
calls=1 116 
* 14
-2 1
+2 2
-2 1
+5 6
cfi=(20)
cfn=(74)
calls=2 116 
* 28
+2 2
-2 4
+2 5
-7 4
+12 1
+1 2
-1 9
+1 14
-1 18
+5 10
+4 3
-4 12
+4 33
+1 12
-1 12
+1 24
-2 12
+1 24
-1 39
+4 6
+5 1
-2 1
+2 1
-1 1
-1 2
+2 1
-1 1
+1 4
+2 6
+1 2
+3 2
-6 5
+13 8
+1 1
-1 2
+3 2
-3 3
+1 3
-1 6
+3 6
+3 3
+2 2
-15 2
-6 3
-42 2

fl=(17)
fn=(38)
59 192
+1 16
-1 16
+1 32
cfi=(13)
cfn=(28)
calls=16 +19 
* 338
+6 16
-6 32
+6 16
+7 16
-7 16
-6 16
+6 48
+2 32
+5 48
cfi=(19)
cfn=(42)
calls=16 +19 
* 620
* 16
+3 16
-3 16
+3 16
+4 16
+5 16
-6 16
+6 16
-5 16
+5 16
-5 16
+4 16
+1 32
-1 16
+1 16
cfi=(20)
cfn=(48)
calls=16 +44 
* 171
+10 16
-10 16
+10 16
-10 16
+10 16
-8 16
+8 32
+1 16
-1 16
+1 48
+3 16
-3 16
+3 16
+9 16
-7 16
+4 16
+3 21
+2 2
-2 2
+2 30
-2 30
+18 32
-6 16
+1 16
+5 16
-6 16
+6 48
+2 15
+3 15
-3 30
+3 18
+4 54
+4 31
+8 1
+3 1
+3 2
-3 1
+3 1
-3 15
+3 30
-3 15
+3 15
+2 15
+21 15
-21 15
cfi=(13)
cfn=(28)
calls=15 -76 
* 510
+4 15
-4 30
+17 15
-13 45
+64 15
+4 144
100 47
+39 45
+70 45
cfi=(20)
cfn=(74)
calls=15 -93 
* 284
* 245
+6 230
-1 230
+1 245
-1 15
+1 45
+5 30
-96 1
+7 4
+32 30
cfi=(19)
cfn=(46)
calls=15 50 
* 270
* 15
+1 15
-1 30
+1 15

fn=(50)
31 32
+2 16
-2 48
+2 32
cfi=(2)
cfn=(52)
calls=16 784 
* 32
+2 217
+3 405
+2 15
+2 15
+4 15
+4 15
-4 30
+1 15
+4 30
-4 15
+1 15
+3 15
-3 15
+2 15
cfi=(2)
cfn=(54)
calls=15 790 
* 30
-4 1
+4 1
-4 2
+1 1
+4 2
-4 1
+1 1
+3 1
-3 1
+2 1
cfi=(2)
cfn=(54)
calls=1 790 
* 2
-5 2

fl=(50)
fn=(166) _dl_cache_libcmp
141 214
+1 246
+2 2576
+20 1256
+2 2318
+4 533
+1 533
-29 1066
+32 36
-28 32
+6 16
+2 16
-1 16
-1 32
+1 16
-1 16
+2 50
+1 6
-1 8
+2 48
-3 16
+3 18
+1 6
-1 8
+2 32
+7 2
+10 2
-8 279

fn=(372)
326 4
-1 1
+3 2
cfi=(44)
cfn=(374)
calls=1 78 
* 5
+1 1
+2 2

fn=(160) _dl_load_cache_lookup
187 99
+8 22
+3 33
+45 50
+6 20
-6 1
+6 2
+11 11
-2 11
fi=(51) /build/glibc-uZu3wS/glibc-2.27/elf/../sysdeps/x86/dl-procinfo.h
39 11
fe=(50)
258 22
fi=(51)
39 33
+3 33
cfi=(21)
cfn=(56)
calls=11 144 
* 264
* 22
fe=(50)
264 44
cfi=(9)
cfn=(26)
calls=11 373 
* 198
* 11
fi=(26)
28 22
fe=(50)
264 11
fi=(26)
28 22
fe=(50)
266 22
fi=(26)
32 33
fe=(50)
270 22
+15 11
-15 11
+15 1500
cfn=(166)
calls=95 141 
* 8195
* 569
cfn=(166)
calls=1 141 
* 71
* 66
cfn=(166)
calls=11 141 
* 1131
* 35
-15 22
+1 33
-1 22
+15 33
-84 4
cfi=(36)
cfn=(162)
calls=1 44 
* 107
+8 1
-8 1
+8 4
+1 7
+7 1
-3 1
+3 3
+3 1
+1 2
-1 1
+1 1
+1 8
+63 33
+16 22
+4 22
+8 33
cfi=(13)
cfn=(28)
calls=11 79 
* 374
* 22
+1 11
-1 44
+1 22
cfi=(20)
cfn=(48)
calls=11 129 
* 182
+1 22
cfi=(29)
cfn=(80)
calls=11 40 
* 952
+1 88
-19 77
-12 209
fi=(51)
42 33
fe=(50)
297 3

fl=(31)
fn=(94)
49 34
+5 32
+5 2
-1 1
+1 2
+1 2
-1 1
+5 1
-14 17
+4 34
+4 1
-1 1
+1 17

fn=(98)
74 2

fl=(49) /build/glibc-uZu3wS/glibc-2.27/io/../sysdeps/unix/sysv/linux/wordsize-64/xstat.c
fn=(156) _xstat
34 23
-1 23
+1 23
+1 138
+4 2
-4 84

fl=(8)
fn=(24)
48 2
+4 4
+3 3
+4 1
-4 1
+4 1
-4 1
+3 1
+1 2
+1 4
+1 4
+1 3
+1 2
+7 2
+1 7
+7 3
+4 2
+2 4
+40 2
+4 4
+1 2
+3 1
+7 1
-8 1
+4 1
+2 1
-2 1
+4 2
+3 2
+50 3
88 2
+3 3
+3 1
-3 1
+3 1
+2 3
+2 2
+7 3
-5 3

fl=(102) /build/glibc-uZu3wS/glibc-2.27/elf/../elf/dl-runtime.c
fn=(396) _dl_fixup
66 170
+6 170
-6 85
+3 170
+3 255
-4 85
+5 85
+2 85
-2 425
+2 85
-2 85
+2 85
+5 170
+4 170
+4 85
+7 85
-7 170
+4 170
+1 340
+2 340
+7 170
-1 85
+1 85
+10 765
cfi=(6)
cfn=(192)
calls=85 790 
* 124623
* 85
+4 425
+10 595
+16 85
-8 85
+8 255
+4 255
fi=(5)
+96 85
fe=(102)
-92 255
fi=(154) /build/glibc-uZu3wS/glibc-2.27/elf/../sysdeps/x86_64/dl-irel.h
32 1
cob=(3)
cfi=(70)
cfn=(232)
calls=1 +6 
* 5
* 1
fe=(102)

fl=(23) /build/glibc-uZu3wS/glibc-2.27/posix/../sysdeps/unix/syscall-template.S
fn=(64) uname
78 4
+1 1

fl=(41)
fn=(132)
34 16
-1 16
+1 16
+1 96
+4 16

fl=(6)
fn=(194) do_lookup_x
338 30191
+1 4313
-1 25878
+6 8626
+12 4313
+30 4313
-41 4313
+41 4313
+35 8626
-65 21565
+14 108162
+8 72108
+1 108162
+3 36054
+1 72108
+4 72108
+3 72108
-5 36054
+5 108162
+3 252378
-99 31787
540 239080
+1 24297
cfi=(36)
cfn=(118)
calls=8099 282 
* 685909
* 32396
+3 95367
349 72112
+3 72112
+4 72164
+4 72108
+4 72108
+88 2
fi=(55)
102 12801
fe=(6)
503 8534
+3 24562
-60 2513
+2 1
-2 2
+64 6897
+12 24468
+2 4078
+24 34504
-1 92
397 17916
-1 11944
+2 11944
+2 5522
90 16566
375 5522
90 5522
374 5522
90 5522
400 11044
90 11044
413 21750
-10 57580
+2 17148
+2 8574
-1 12861
78 29963
+12 21350
+3 14950
cfi=(21)
cfn=(56)
calls=1282 +51 
* 83177
* 3846
+5 4270
-1 4270
+1 4270
+2 6614
+19 3307
+1 29763
+2 21
+1 8
452 42660
203 189
+2 378
-2 189
+2 378
+2 189
-2 567
cfi=(2)
cfn=(52)
calls=189 784 
* 378
+2 189
+1 189
+1 189
-2 189
+2 189
+2 376
+1 188
-1 940
+1 188
-1 188
+1 376
-1 376
+1 376
-1 2119
+24 804
+3 508
+1 508
-24 1768
+1 80
cfi=(21)
cfn=(56)
calls=40 -72 
* 2639
* 200
+2 80
+10 40
+1 240
+2 120
cfi=(2)
cfn=(54)
calls=40 790 
* 80
529 80
286 2
+9 3
cfi=(19)
cfn=(42)
calls=1 92 
* 27
* 1
+1 1
-1 1
+1 1
+3 1
+2 3
-1 1
-6 1
+7 31
+3 2
-3 740
+3 296
+13 894
+5 894
cfi=(2)
cfn=(54)
calls=149 790 
* 298
+2 447
529 298
180 1061
-2 400
+1 400
-3 698
+7 149
+1 149
+1 149
+1 149
-3 149
312 596
-69 2072
+7 6
cfi=(36)
cfn=(364)
calls=3 +87 
* 223
+1 6
-1 3
+1 3
cfi=(19)
cfn=(42)
calls=3 92 
* 143
* 3
+2 3
-2 3
+2 3
+7 30
+1 657
+1 166
-88 166
+88 332
-88 166
+88 166
-88 166
+1 166
-1 166
+1 1566
+3 74
+1 74
-3 406
+7 166
+1 166
+1 166
+1 332
+74 332
-74 53
+74 109
+6 21
cfi=(19)
cfn=(92)
calls=3 111 
* 12
+4 6
-1 3
-2 3
+3 6
-1 3
+1 3
-20 24
-10 246
-92 1926
+2 4815
+4 2
+1 3
+25 8792
-59 16500
cfi=(21)
cfn=(56)
calls=3300 +23 
* 136544
* 16500
+59 36
-25 4

fn=(10)
939 51
+4 17
+4 34
+2 17
-1 17
+3 51
+1 17
+1 17
+3 17
-3 17
+7 17
-4 17
-1 17
+3 17
+2 17
-7 17
+7 17
+1 17

fn=(192)
790 43130
555 4313
790 17252
555 12939
-1 8626
+2 4313
-1 4313
+1 12939
-1 12939
+1 152725
-1 152725
+1 458175
-1 462488
793 4313
-1 4313
+4 4313
+4 4313
-8 4313
+1 4313
+7 15234
+5 12939
+6 12939
-7 47443
+15 184
-8 276
+2 56069
cfn=(194)
calls=4313 338 
* 3333070
+3 21473
+25 8626
+24 29869
+31 4267
+9 17068
+14 12801
+3 17068
+5 4267
+2 38909
-86 276
+17 46
+1 92
+59 2

fl=(101)
fn=(394)
71 19
+3 19
+2 19
+10 19
+6 19
+1 19
+1 19
+1 19
+1 19
+1 19
+1 19
+4 19
+1 19
+3 19
+1 19
+2 19
+1 19
+1 19
+1 19
+1 19
+1 19
+2 19
+7 19
+1 19
+1 19
cfi=(102)
cfn=(396)
calls=19 -59 
* 36605
+1 19
+5 19
+1 19
+1 19
+2 19
+1 19
+1 19
+1 19
+1 19
+1 19
+1 19
+2 19
+2 19
+4 19
+3 19

fn=(395) _dl_runtime_resolve_xsave'2
71 66
+3 66
+2 66
+10 66
+6 66
+1 66
+1 66
+1 66
+1 66
+1 66
+1 66
+4 66
+1 66
+3 66
+1 66
+2 66
+1 66
+1 66
+1 66
+1 66
+1 66
+2 66
+7 66
+1 66
+1 66
cfi=(102)
cfn=(396)
calls=66 -59 
* 94570
+1 66
+5 66
+1 66
+1 66
+2 66
+1 66
+1 66
+1 66
+1 66
+1 66
+1 66
+2 66
+2 66
+4 66
+3 66

fl=(28)
fn=(76)
109 210
+6 42
+1 42
+1 33
+1 33
+2 17
+1 17
+2 17
+59 16
+1 16
+1 1
+1 1
+1 1
+1 1
+3 3
+3 15
+1 15
+1 15
+1 15
+1 15
+1 15
+1 15
+1 15
+1 15
+1 15
+1 15
+1 15
+1 15
+1 15
+2 296
+1 296
+1 296
+1 296
+1 296
+1 296
+1 296
+1 13
+15 9
+1 9
+1 9
+1 3
+1 3
+1 1
+1 1
+24 6
+1 6
+2 6
+3 2
+1 2
+2 2
+3 1
+1 1
+2 1

fl=(24)
fn=(78) decompose_rpath
554 14
+11 2
-9 2
+9 4
+31 4
+50 2
-43 8
cfi=(29)
cfn=(80)
calls=2 40 
* 202
+1 2
-1 2
+1 2
+8 8
-1 4
+3 4
-2 2
+2 4
-2 6
+2 208
-2 104
+2 208
-2 314
+6 2
cfi=(19)
cfn=(46)
calls=2 50 
* 36
* 2
+2 2
-2 2
+2 2
+8 14
cfn=(82) fillin_rpath
calls=2 444 
* 2772
+4 4
cob=(2) ???
cfi=(18) ???
cfn=(90) 0x0000000004000f00
calls=2 0 
* 10
+3 4
+7 2
+2 2
+2 4
-1 2
+1 12

fn=(128) _dl_map_object_from_fd
863 165
+10 15
-10 15
+10 15
-10 45
+10 15
cfi=(31)
cfn=(94)
calls=15 49 
* 120
fi=(40) /build/glibc-uZu3wS/glibc-2.27/elf/../sysdeps/posix/dl-fileid.h
37 45
fe=(24)
873 15
fi=(40)
37 15
cfi=(41)
cfn=(132)
calls=15 -3 
* 150
* 30
+4 15
fe=(24)
889 15
fi=(40)
40 15
+1 15
fe=(24)
889 495
+1 270
fi=(40)
49 477
fe=(24)
1401 135
907 30
+24 60
+10 30
+22 60
+32 30
874 15
998 105
cfi=(17)
cfn=(38)
calls=15 59 
* 5088
+1 15
-1 15
+1 15
+11 30
+5 15
-5 15
+1 15
+5 15
-5 15
+1 15
+2 15
-2 15
+2 30
+1 45
+20 15
-2 15
+2 135
+8 75
+97 15
1031 15
1140 15
1037 15
-1 15
-5 30
1140 45
-96 219
-1 690
+1 650
+6 30
+5 30
+1 60
+11 160
+5 256
+9 96
-1 96
+1 32
+1 64
+2 32
-2 32
+1 32
-1 32
+3 32
+4 32
-7 32
+3 32
-1 32
+5 32
+1 102
+5 17
-1 17
+1 17
-15 17
+14 17
+1 85
+10 17
-10 15
-1 15
+1 15
-15 15
+14 15
+1 75
+10 15
-44 4
+1 2
+46 12
+4 4
+1 4
+2 4
-1 4
-1 8
+1 4
+3 12
+1 4
+3 4
-3 4
+7 16
+6 4
cfi=(32)
cfn=(158) _dl_next_tls_modid
calls=4 51 
* 24
* 8
+1 4
+19 30
+1 30
+1 15
-6 30
+1 15
+8 60
1011 15
1165 15
1011 15
1165 15
+10 30
fi=(43) /build/glibc-uZu3wS/glibc-2.27/elf/./dl-map-segments.h
50 15
+6 15
fe=(24)
1175 60
fi=(43)
56 45
fe=(24)
1175 15
fi=(43)
50 15
fe=(24)
1175 30
fi=(43)
56 30
cfi=(42)
cfn=(134)
calls=15 -5 
* 553
+4 15
-4 15
+4 30
+3 30
+1 15
+2 15
-2 15
-1 15
+3 15
+14 30
fi=(45) /build/glibc-uZu3wS/glibc-2.27/elf/./dl-load.h
+10 64
+1 45
+2 64
fi=(43)
+11 128
+45 32
-59 160
+2 102
+2 153
cfi=(42)
cfn=(134)
calls=17 -43 
* 561
* 51
+16 15
+2 15
-2 15
+1 15
+2 15
-1 15
+1 15
-1 45
+8 45
+3 30
+8 105
cfi=(28)
cfn=(76)
calls=15 -22 
* 2303
* 45
+6 30
+4 45
cfi=(42)
cfn=(134)
calls=5 -90 
* 165
+3 15
-71 150
cfi=(44)
cfn=(138)
calls=15 +5 
* 75
* 45
fi=(45)
+21 65
+2 13
-1 39
+1 13
-1 13
+1 26
-1 26
+3 52
fe=(24)
1187 60
+9 30
fi=(3)
42 15
fe=(24)
1196 15
fi=(3)
42 15
+6 15
-2 15
+2 30
+15 15
+5 15
+3 15
-1 15
-3 15
-3 354
+10 81
-26 243
+16 323
+10 323
-26 969
+26 15
-26 45
+2 838
+13 384
+2 60
+16 30
+20 50
+1 60
+1 60
+1 60
+2 60
+5 60
+1 59
+1 60
+6 45
+5 30
+7 30
+1 45
+18 45
+5 7
+2 7
-2 7
+2 7
+2 14
+2 14
+3 45
+10 6
-8 24
+8 6
+5 12
+3 30
+2 1
fe=(24)
1203 30
+15 45
+19 30
+2 75
+54 45
+1 8
+3 8
cfi=(46)
cfn=(144)
calls=4 27 
* 20
* 22
cfi=(46)
cfn=(144)
calls=11 27 
* 55
* 30
+9 30
+2 45
+2 15
-2 15
+2 15
+16 30
cfi=(6)
cfn=(10)
calls=15 939 
* 345
+4 30
+1 30
+17 30
+1 2
+8 2
-5 6
+5 15
-5 39
+5 13
+10 30
+10 45
cfi=(17)
cfn=(50)
calls=15 31 
* 1005
+4 45
fi=(3)
68 60
+3 60
+1 15
+1 60
180 9
-18 6
fe=(24)
424 18

fn=(66)
678 1
+13 2
-13 8
+13 3
cfi=(25)
cfn=(68)
calls=1 42 
* 711
+5 1
-5 1
+5 1
cfi=(19)
cfn=(46)
calls=1 50 
* 18
* 1
+1 1
-2 1
+2 2
+8 1
-1 1
+1 4
-1 3
+4 4
cfi=(19)
cfn=(46)
calls=1 50 
* 18
* 1
+2 1
-2 2
+2 1
+7 1
+10 1
-11 1
+12 1
+3 1
+1 1
-5 1
+3 1
+1 1
-1 1
+9 1
-20 1
+17 1
+3 1
-3 17
cfi=(28)
cfn=(76)
calls=4 109 
* 48
+3 27
-12 3
-2 3
+10 3
-7 3
-1 3
+4 3
-1 3
+1 3
+1 3
+3 3
+1 3
-4 3
+4 3
+14 1
-11 1
+6 1
+1 1
+5 2
+2 4
+2 3
+38 5
-19 1
-2 2
+2 2
+5 1
+1 1
-2 2
+2 1
-2 2
cfn=(78)
calls=1 554 
* 2093
+7 2
+10 3
cfi=(13)
cfn=(28)
calls=1 79 
* 16
* 8
cfi=(20)
cfn=(48)
calls=1 129 
* 10
* 1
+5 4
-1 2
+2 56
-1 57
+5 1
cfi=(19)
cfn=(46)
calls=1 50 
* 18
* 1
+1 1
-2 1
+2 1
+6 7
cfn=(82)
calls=1 444 
* 598
+3 3
+6 1
+4 8

fn=(116)
2151 399
+8 57
-8 114
+8 57
+1 228
+3 1998
+5 3892
+2 1668
cfi=(36)
cfn=(118)
calls=556 282 
* 51771
* 1112
+4 1028
+1 1542
+3 362
+1 362
+1 362
-1 362
+1 362
cfi=(21)
cfn=(56)
calls=362 144 
* 11729
* 724
2462 513
2196 45
+10 45
-53 15
+89 30
-2 15
+2 15
cfi=(30)
cfn=(88)
calls=15 24 
* 422
* 30
2393 5
cfn=(86) expand_dynamic_string_token
calls=1 375 
* 233
* 1
-2 1
+3 5
+4 9
cfn=(120) open_verify.constprop.7
calls=1 1653 
* 223
+3 2
-3 1
+3 3
+12 3
+46 1
+1 3
-1 1
+1 9
cfn=(128)
calls=1 863 
* 1441
-1 14
+1 42
-1 14
+1 126
cfn=(128)
calls=14 863 
* 23217
* 45
2242 14
+4 28
cfi=(13)
cfn=(28)
calls=14 79 
* 260
* 14
+2 14
-2 14
+2 14
+7 56
+36 132
cfn=(154) open_path
calls=11 2003 
* 3959
+6 22
-6 11
+6 33
656 33
+3 2
2298 2
659 2
2385 28
+28 56
+2 28
665 2
2320 2
-14 2
+14 11
-14 9
+14 9
+2 33
+4 22
cfi=(50)
cfn=(160)
calls=11 187 
* 15009
+2 11
-2 11
+2 11
+4 22
+8 33
+23 110
cfn=(120)
calls=11 1653 
* 2489
+4 22
-4 11
+4 33
+1 22
-78 22
+1 22
-32 14
+1 28
-1 42
+8 274
cfn=(154)
calls=16 2003 
* 9951
+4 48
+3 39
-10 42
656 51
+3 17
2265 17
659 17
+3 6
+8 1
+1 1
-1 3
+1 1
-1 2
cfn=(78)
calls=1 554 
* 1885
2265 3
665 35
2279 31
662 6

fn=(150)
230 112
+3 56
-3 112
+7 56
-7 168
+3 56
cfi=(30)
cfn=(88)
calls=56 24 
* 1600
+3 112
+20 504

fn=(120)
1653 888
+39 74
-39 148
+39 294
+31 222
cfi=(37)
cfn=(122)
calls=74 39 
* 1361
+2 74
-2 74
+2 89
+11 15
+6 15
-5 45
+5 90
cfi=(39)
cfn=(126)
calls=15 27 
* 75
+2 30
+2 15
+2 15
-2 15
+2 15
+6 30
+16 135
1985 30
cob=(2)
cfi=(18)
cfn=(90)
calls=15 0 
* 75
* 15
1770 105
+74 30
+5 30
+2 60
+6 30
+11 30
+6 15
+1 15
-1 45
+1 45
+1 30
+20 60
1730 60
1896 564
+2 288
+13 45
+3 60
+28 90
-3 120
+15 10
+6 15
-3 5
+1 5
+3 5
-3 10
+1 5
-1 5
-1 5
+4 10
1705 59
1989 666
1770 8
1942 90
+3 15
-4 15
+4 30
+5 5
+1 30
-36 45

fn=(86)
375 48
233 12
375 6
233 6
cfi=(30)
cfn=(88)
calls=6 24 
* 305
+3 12
400 6
-11 6
+11 36
-11 6
cfi=(29)
cfn=(80)
calls=6 40 
* 498

fn=(82)
444 21
+2 3
-2 27
+4 9
cfi=(19)
cfn=(84)
calls=3 265 
* 956
* 15
cfi=(19)
cfn=(84)
calls=5 265 
* 508
* 24
+7 10
+2 15
cfn=(86)
calls=5 -82 
* 708
+4 5
-4 5
+4 5
+5 10
cfi=(13)
cfn=(28)
calls=5 79 
* 152
+1 10
+7 30
+9 79
+1 52
cfi=(16)
cfn=(36)
calls=3 28 
* 120
* 6
+7 4
+1 2
-1 5
+5 4
+45 4
cob=(2)
cfi=(18)
cfn=(90)
calls=2 0 
* 50
* 6
cob=(2)
cfi=(18)
cfn=(90)
calls=3 0 
* 15
* 5
-39 10
cfi=(13)
cfn=(28)
calls=2 79 
* 32
* 4
+4 14
-1 2
cfi=(19)
cfn=(46)
calls=2 50 
* 36
* 2
+1 7
-1 1
cfi=(19)
cfn=(46)
calls=1 50 
* 18
* 1
+3 9
+5 3
+1 6
-2 6
+2 3
cfi=(20)
cfn=(74)
calls=3 116 
* 36
+3 3
-2 3
-1 3
+1 3
+2 3
+1 1
+5 4
+1 2
-1 8
+1 49
+1 3
-1 9
+1 3
-1 42
+1 24
-1 3
+1 3
-1 9
+1 3
-1 6
+4 3
-1 3
+1 3
-1 3
+1 3
+2 2
-1 4
+1 2
-1 4
cfi=(20)
cfn=(48)
calls=2 129 
* 26
* 4
+7 2
-1 2
+4 6
-3 1
-1 1
+4 3
-37 2
-28 5
+5 20
+66 3
+3 27
-15 2

fn=(154)
2003 216
+1 27
+6 27
-6 27
+6 27
+5 297
-7 27
-1 27
+8 189
+3 81
+9 108
-9 42
+9 56
+7 123
+1 41
-13 123
+12 41
cfi=(20)
cfn=(74)
calls=41 116 
* 492
* 41
+55 82
-22 246
-32 82
+32 177
-32 118
+3 656
+4 372
cfi=(20)
cfn=(74)
calls=62 116 
* 797
* 248
cfi=(20)
cfn=(74)
calls=62 116 
* 744
+3 124
+3 186
+3 558
cfn=(120)
calls=62 1653 
* 3887
* 62
+2 310
+2 48
+1 1
+23 1
+2 9
+25 9
cfi=(19)
cfn=(46)
calls=3 50 
* 54
* 3
* 3
+1 3
-1 3
+1 3
+2 12
cfi=(20)
cfn=(48)
calls=3 129 
* 54
+35 243
-45 532
-64 532
+85 266
+7 38
-2 38
+2 114
+3 72
-13 48
-38 152
+2 76
-46 72
+25 46
+1 184
+6 46
+2 46
-2 46
+2 46
cfi=(49)
cfn=(156)
calls=23 34 
* 293
* 23
+3 23
-3 23
+1 2
+2 2
-2 2
+2 14
-37 4
+37 21
-37 42

fl=(53)
fn=(176) _dl_check_map_versions
156 119
+15 51
+2 85
+2 17
+1 17
+2 17
-3 17
+1 17
+2 17
+3 45
-16 15
-8 30
+28 15
-4 15
+4 30
+16 15
37 30
201 15
37 75
201 30
37 60
201 30
37 150
+1 511
-1 1022
+2 1668
cfi=(36)
cfn=(118)
calls=556 282 
* 49460
* 1112
209 135
+5 45
-71 135
+71 90
-71 135
+79 45
-2 45
-2 90
+4 45
-4 315
+4 92
-2 92
-2 184
+4 92
-4 749
57 63
+8 63
-8 348
+8 348
+6 411
+16 137
+1 274
+2 137
+5 822
+14 2942
+12 4002
+4 1334
-30 2668
225 548
+3 411
+5 92
-11 92
111 137
+3 548
cfi=(21)
cfn=(56)
calls=137 +30 
* 5526
* 638
237 180
+5 90
-43 30
+52 45
+3 40
+3 60
+3 40
+4 10
-7 40
+3 30
+4 121
-7 484
+3 373
+8 48
+89 153
-83 64
cfi=(19)
cfn=(42)
calls=16 92 
* 494
* 16
+1 16
-2 16
+2 16
+13 16
+2 16
-5 16
+3 16
+2 16
-2 16
+2 16
+3 60
+4 135
+18 92
-15 276
+2 276
-2 135
+2 135
+2 137
+1 137
-1 274
+1 137
-1 137
+1 137
+1 137
-2 137
+2 274
+1 411
+3 411
+8 135
+5 30
-28 30
+33 48
+3 40
+4 131
+6 131
+1 131
+1 131
-1 393
+1 131
-1 131
+1 131
+1 131
+3 393
+4 131
-14 282
+10 30
-96 2
-86 2
-8 2
+94 3

fn=(174)
362 5
+2 1
-2 3
+4 3
+2 102
cfn=(176)
calls=17 156 
* 87000
-2 17
+2 68
-2 34
+5 7

fl=(32)
fn=(180)
141 1
-6 5
+6 2
+3 2
+36 3
+2 4
-2 1
-2 1
-40 1
-1 1
-1 2
+69 10
+3 10
-3 25
+2 10
+10 5
-37 10
+25 5
-25 14
+2 8
+3 5
-1 5
+5 10
-4 5
-1 10
+3 10
+2 15
-9 5
+93 1
-53 1
+1 1
+52 1
-1 1
+1 4

fn=(158)
51 16
+48 4
+4 4

fn=(400) _dl_get_tls_static_info
309 2
+1 2
+1 1

fn=(368)
437 8
+1 1
-1 1
+1 1
+4 1
+6 2
-6 1
+6 1
+12 1
-15 1
+39 1
-24 1
-16 2
+21 9
+6 27
+3 5
+1 10
+6 15
+3 5
-2 5
+6 5
-6 5
+2 5
+4 5
-4 10
+3 5
-3 5
+1 5
+2 5
+4 10
+1 20
+2 10
+1 10
+12 5
-3 5
+3 10
cfi=(20)
cfn=(74)
calls=5 116 
* 64
* 25
cfi=(28)
cfn=(76)
calls=5 109 
* 225
* 35
-42 10
+52 1
+4 3
+3 8

fn=(96)
113 2
+1 2

fn=(292)
887 20
+9 5
-3 10
+8 35
+41 5
+1 5
+1 20

fn=(182)
332 1
+2 1
-2 2
+13 1
+1 2
cfi=(19)
cfn=(46)
calls=1 50 
* 80
* 1
+1 3
+8 2
-69 1
+69 2
+1 1
+4 297
+19 1
-94 2
+1 2
cfi=(19)
cfn=(42)
calls=1 92 
* 27
* 1
+1 2
+3 1
+6 2
+89 5

fl=(132) /build/glibc-uZu3wS/glibc-2.27/elf/dl-open.c
fn=(872) _dl_find_dso_for_object
176 5
+4 6
+1 4
+1 52
+1 2
-2 36
+5 2
+4 7

fl=(97)
fn=(378)
79 11
+5 1
-4 1
+1 1
+3 2
+8 2
+25 2
+1 9
+1 45
-89 45
+9 14
-3 28
+3 42
+5 42
+5 26
+9 78
cob=(2)
cfi=(18)
cfn=(1676) 0x0000000004062000
calls=1 -58 
* 6
cob=(2)
cfi=(18)
cfn=(1094) 0x0000000004c2f5b0
calls=1 -58 
* 6
cob=(2)
cfi=(18)
cfn=(1084) 0x0000000004e3e548
calls=1 -58 
* 6
cob=(2)
cfi=(18)
cfn=(1074) 0x00000000050b3758
calls=1 -58 
* 6
cob=(2)
cfi=(18)
cfn=(1036) 0x00000000052fb720
calls=1 -58 
* 6
cob=(2)
cfi=(18)
cfn=(1026) 0x00000000059cbe58
calls=1 -58 
* 6
cob=(2)
cfi=(18)
cfn=(794) 0x0000000005c6a830
calls=1 -58 
* 6
cob=(2)
cfi=(18)
cfn=(552) 0x0000000005fe1840
calls=1 -58 
* 6
cob=(2)
cfi=(18)
cfn=(542) 0x00000000068229f8
calls=1 -58 
* 6
cob=(2)
cfi=(18)
cfn=(476) 0x0000000005575e00
calls=1 -58 
* 398
cob=(2)
cfi=(18)
cfn=(466) 0x0000000006a9f7f0
calls=1 -58 
* 6
cob=(2)
cfi=(18)
cfn=(454) 0x0000000006e32d20
calls=1 -58 
* 6
cob=(3)
cfi=(108) /build/glibc-uZu3wS/glibc-2.27/csu/../csu/init-first.c
cfn=(430) _init
calls=1 -6 
* 216
* 13
+4 26
+6 26
+2 26
-2 13
+3 13
-1 13
+1 65
+1 52
cob=(2)
cfi=(18)
cfn=(1680) 0x0000000004069060
calls=1 -72 
* 17
cob=(15) /home/bishakh/MP-SPDZ/local/lib/libmpirxx.so.8.4.3
cfi=(141) ???
cfn=(1098) 0x0000000000001ae0
calls=1 -72 
* 17
cob=(14) /home/bishakh/MP-SPDZ/local/lib/libmpir.so.23.0.3
cfi=(140) ???
cfn=(1088) 0x000000000000cc30
calls=1 -72 
* 17
cob=(13)
cfi=(139)
cfn=(1078)
calls=1 -72 
* 17
cob=(12)
cfi=(138)
cfn=(1040)
calls=1 -72 
* 17
cob=(5)
cfi=(137)
cfn=(1030)
calls=1 -72 
* 17
cob=(11)
cfi=(125)
cfn=(798) 0x00000000000a54b0
calls=1 -72 
* 11
cob=(10) /lib/x86_64-linux-gnu/libgcc_s.so.1
cfi=(124) ???
cfn=(556) __cpu_indicator_init
calls=1 -72 
* 492
cob=(9) /usr/lib/x86_64-linux-gnu/libssl.so.1.1
cfi=(123) ???
cfn=(546) 0x000000000001d660
calls=1 -72 
* 17
cob=(8) /usr/lib/x86_64-linux-gnu/libcrypto.so.1.1
cfi=(120) ???
cfn=(536) 0x00000000000780d0
calls=1 -72 
* 17
cob=(4)
cfi=(119) ???
cfn=(470) 0x000000000000bd10
calls=1 -72 
* 17
cob=(7)
cfi=(117)
cfn=(458)
calls=1 -72 
* 17
cob=(3)
cfi=(114) /build/glibc-uZu3wS/glibc-2.27/libio/vtables.c
cfn=(444) check_stdfiles_vtables
calls=1 +12 
* 11
* 108
cob=(2)
cfi=(18)
cfn=(1700) 0x0000000004065cc0
calls=1 -72 
* 6543
cob=(2)
cfi=(18)
cfn=(1686) 0x0000000004065c90
calls=1 -72 
* 4270
cob=(15)
cfi=(141)
cfn=(1674) _GLOBAL__sub_I_osmpz.cc
calls=1 -72 
* 103
cob=(15)
cfi=(141)
cfn=(1672) _GLOBAL__sub_I_osmpq.cc
calls=1 -72 
* 103
cob=(15)
cfi=(141)
cfn=(1670) _GLOBAL__sub_I_osmpf.cc
calls=1 -72 
* 103
cob=(15)
cfi=(141)
cfn=(1668) _GLOBAL__sub_I_osfuns.cc
calls=1 -72 
* 103
cob=(15)
cfi=(141)
cfn=(1666) _GLOBAL__sub_I_osdoprnti.cc
calls=1 -72 
* 103
cob=(15)
cfi=(141)
cfn=(1664) _GLOBAL__sub_I_ismpznw.cc
calls=1 -72 
* 103
cob=(15)
cfi=(141)
cfn=(1662) _GLOBAL__sub_I_ismpz.cc
calls=1 -72 
* 103
cob=(15)
cfi=(141)
cfn=(1660) _GLOBAL__sub_I_ismpq.cc
calls=1 -72 
* 103
cob=(15)
cfi=(141)
cfn=(1658) _GLOBAL__sub_I_ismpf.cc
calls=1 -72 
* 103
cob=(15)
cfi=(141)
cfn=(1104) _GLOBAL__sub_I_isfuns.cc
calls=1 -72 
* 140974
cob=(12)
cfi=(138)
cfn=(1046)
calls=1 -72 
* 6193
cob=(11)
cfi=(125)
cfn=(1020) 0x00000000000a53b0
calls=1 -72 
* 231
cob=(11)
cfi=(125)
cfn=(994) 0x00000000000a52f0
calls=1 -72 
* 49
cob=(11)
cfi=(125)
cfn=(968) 0x00000000000a5230
calls=1 -72 
* 49
cob=(11)
cfi=(125)
cfn=(950) 0x00000000000a51b0
calls=1 -72 
* 33
cob=(11)
cfi=(125)
cfn=(932) 0x00000000000a5130
calls=1 -72 
* 33
cob=(11)
cfi=(125)
cfn=(928) 0x00000000000a50f0
calls=1 -72 
* 155
cob=(11)
cfi=(125)
cfn=(926) 0x00000000000a4ee0
calls=1 -72 
* 51
cob=(11)
cfi=(125)
cfn=(900) 0x00000000000a4de0
calls=1 -72 
* 73
cob=(11)
cfi=(125)
cfn=(850) 0x00000000000a4d60
calls=1 -72 
* 69208
cob=(11)
cfi=(125)
cfn=(828) 0x00000000000a4d40
calls=1 -72 
* 3237
cob=(11)
cfi=(125)
cfn=(804) 0x00000000000a4cb0
calls=1 -72 
* 4285
cob=(10)
cfi=(124)
cfn=(788) 0x0000000000003c90
calls=1 -72 
* 11
cob=(7)
cfi=(118)
cfn=(464)
calls=1 -43 
* 3
cob=(3)
cfi=(115) /build/glibc-uZu3wS/glibc-2.27/string/../sysdeps/x86/cacheinfo.c
cfn=(446) init_cacheinfo
calls=1 488 
* 1773
* 39
-1 78
+47 36
-73 3
-15 3
+57 2
-48 1
-3 2
+3 3
+5 3
+5 2
+9 7
cob=(2)
cfi=(18)
cfn=(380) 0x00000000061fc678
calls=1 -58 
* 7570
* 1
+3 1
+1 2
+6 1
+2 2
-2 2
+3 9
+1 4
cob=(6) /lib/x86_64-linux-gnu/libpthread-2.27.so
cfi=(107) /build/glibc-uZu3wS/glibc-2.27/nptl/../sysdeps/unix/sysv/linux/x86/elision-conf.c
cfn=(424) elision_init
calls=1 +35 
* 2535
-1 1
+1 4
cob=(6)
cfi=(106) ???
cfn=(418) 0x0000000000005c80
calls=1 -72 
* 17
-1 9

fl=(42)
fn=(134)
51 88
+3 44
-6 528
+6 44
+5 440
+2 308
-7 72

fl=(11)
fn=(62)
45 4
+2 3
+85 5
-45 3
cfi=(23)
cfn=(64)
calls=1 -9 
* 5
* 1
+15 1
-15 1
+20 1
-1 1
+3 12
+4 3
-2 6
+2 10
+2 1
+1 2
-3 4
+7 3
-1 3
+4 3
-2 3
+2 10
+5 2

fl=(13)
fn=(28)
79 85
+1 85
+1 85
+1 85
+1 85
+1 85
+1 85
+2 85
+2 85
+31 83
+1 83
+1 83
+1 83
+1 83
+1 32
+2 32
+4 51
+1 51
+1 51
+1 51
+1 51
+1 51
+1 51
+1 51
+1 51
+1 51
+1 51
+1 51
+5 306

ob=(8)
fl=(120)
fn=(480) 0x00000000000e3c80
0 11
cob=(3)
cfi=(121) /build/glibc-uZu3wS/glibc-2.27/stdlib/getenv.c
cfn=(486) getenv
calls=1 34 
0 276
0 1
0 17
cfn=(496) 0x000000000020e6a0
calls=1 0 
0 84
0 2

fn=(496)
0 51

ob=(1)
fl=(13)
fn=(28)
147 100
+4 2
+1 28
+1 12
+15 2
+1 2
+1 4
+51 2
+1 2
+1 2
+1 2
+1 2
+1 2
+1 2
+1 2
-7 1
+1 1
+1 1
+1 1
+1 1
+1 1
+1 1
+1 1
+16 3
+2 3
+1 42
+2 3
+1 3
+1 3
+2 3

ob=(6)
fl=(131) /build/glibc-uZu3wS/glibc-2.27/nptl/../nptl/pthread_mutex_lock.c
fn=(864) pthread_mutex_lock
67 3
+2 1
+2 2
-7 1
+11 3
+81 1
+3 1
+2 1
+3 1
+2 1
+1 2
-83 2
+11 4
+4 1
+3 2
+13 4
+2 3
+1 2

fl=(98) /build/glibc-uZu3wS/glibc-2.27/nptl/nptl-init.c
fn=(382) __pthread_initialize_minimal
285 3
+2 1
-2 1
fi=(99) /build/glibc-uZu3wS/glibc-2.27/nptl/../sysdeps/unix/sysv/linux/pthread-pids.h
29 1
fe=(98)
285 3
fi=(99)
29 3
fe=(98)
289 2
+1 1
+4 3
+6 1
+4 1
+4 2
-8 1
+2 1
+6 1
+48 3
+3 1
+1 1
-1 1
fi=(157) /build/glibc-uZu3wS/glibc-2.27/nptl/../include/list.h
44 1
+1 1
+1 1
fe=(98)
364 1
fi=(157)
48 1
fe=(98)
364 5
+12 1
-1 19
-1 1
+2 2
-2 1
+2 1
cfi=(100) /build/glibc-uZu3wS/glibc-2.27/nptl/../sysdeps/unix/sysv/linux/x86_64/sigaction.c
cfn=(386) __libc_sigaction
calls=1 47 
* 51
+5 1
+2 3
-1 1
-1 1
+2 1
cfi=(100)
cfn=(386)
calls=1 47 
* 51
+10 1
+4 1
-4 1
+4 5
+8 3
cob=(1)
cfi=(101)
cfn=(394)
calls=1 71 
* 2394
* 5
+3 4
+2 1
+2 2
+5 2
-5 4
+5 1
cob=(1)
cfi=(101)
cfn=(394)
calls=1 71 
* 2199
* 5
* 2
+1 3
+4 1
+3 3
+4 1
+7 1
-7 1
+1 3
+5 7
+1 3
+1 1
+1 1
-1 1
+2 2
+5 2
+1 2
+1 1
+1 1
+1 3
+3 1
+11 3
-11 1
+3 2
+2 2
+6 1
cob=(1)
cfi=(101)
cfn=(394)
calls=1 71 
* 2699
* 5
-2 1
+6 1
+1 8

fl=(106)
fn=(418)
0 17

fl=(142) /build/glibc-uZu3wS/glibc-2.27/nptl/pthread_once.c
fn=(1130) __pthread_once_slow
68 2
fi=(145) /build/glibc-uZu3wS/glibc-2.27/nptl/../sysdeps/unix/sysv/linux/futex-internal.h
-7 1
fe=(142)
+7 8
+8 1
+4 2
+52 9
-44 2
+4 2
+9 2
+13 5
cfi=(143) /build/glibc-uZu3wS/glibc-2.27/nptl/cleanup_compat.c
cfn=(1132) _pthread_cleanup_push
calls=1 -85 
* 6
+2 1
cob=(11)
cfi=(125)
cfn=(1134) 0x00000000000bc2d0
calls=1 0 
* 94845
+2 3
cfi=(143)
cfn=(1174) _pthread_cleanup_pop
calls=1 -78 
* 6
+6 1
fi=(145)
231 8
fe=(142)

fn=(1131) __pthread_once_slow'2
68 2
fi=(145)
-7 1
fe=(142)
+7 8
+8 1
+4 2
+52 9
-44 2
+4 2
+9 2
+13 5
cfi=(143)
cfn=(1132)
calls=1 -85 
* 6
+2 1
cob=(11)
cfi=(125)
cfn=(1160) 0x00000000000ba0a0
calls=1 0 
* 4476
+2 3
cfi=(143)
cfn=(1174)
calls=1 -78 
* 6
+6 1
fi=(145)
231 8
fe=(142)

fn=(1128) pthread_once
139 22
+1 44
+4 42
-1 1
cfn=(1130)
calls=1 -75 
* 94904

fn=(1129) pthread_once'2
139 14
+1 28
+4 26
-1 1
cfn=(1131)
calls=1 -75 
* 4535

fl=(107)
fn=(424)
107 1
+5 1
-5 1
+5 2
-5 3
+5 2
cob=(1)
cfi=(101)
cfn=(394)
calls=1 -41 
* 2414
* 5
+2 4
cob=(1)
cfi=(9)
cfn=(26)
calls=1 373 
* 19
* 1
+2 4
cob=(1)
cfi=(9)
cfn=(26)
calls=1 373 
* 19
* 1
+2 4
cob=(1)
cfi=(9)
cfn=(26)
calls=1 373 
* 19
* 1
+2 4
cob=(1)
cfi=(9)
cfn=(26)
calls=1 373 
* 19
* 1
+4 3
+1 1
+1 6

fl=(143)
fn=(1132)
29 2
+1 2
+1 4
+2 2
+1 2

fn=(1174)
40 2
+3 4
+4 4
+2 2

fl=(100)
fn=(386)
47 10
+4 4
+3 4
-1 2
+1 4
-1 2
+2 2
-1 2
+1 2
+7 2
-7 2
-1 2
+1 2
+2 2
-3 2
+3 2
-3 20
+8 18
+3 4
+8 10
-11 4

fl=(133) /build/glibc-uZu3wS/glibc-2.27/nptl/pthread_mutex_unlock.c
fn=(874) pthread_mutex_unlock
40 1
355 1
40 2
+1 2
+4 3
+8 1
-3 1
+6 4
+2 1
357 2
62 2
+6 4
+4 3
+3 2

ob=(8)
fl=(120)
fn=(496)
0 33

fn=(536)
0 17

ob=(9)
fl=(123)
fn=(546)
0 17

ob=(14)
fl=(140)
fn=(1088)
0 17

ob=(3)
fl=(59)
fn=(242)
32 15
fi=(73) /build/glibc-uZu3wS/glibc-2.27/string/../sysdeps/x86_64/multiarch/strncase.c
-1 3
fe=(59)

fn=(204)
32 15
fi=(60) /build/glibc-uZu3wS/glibc-2.27/string/../sysdeps/x86_64/multiarch/strcasecmp.c
-1 3
fe=(59)

fn=(264)
32 5
fi=(78) /build/glibc-uZu3wS/glibc-2.27/string/../sysdeps/x86_64/multiarch/strcasecmp_l.c
-1 1
fe=(59)

fn=(284)
32 5
fi=(81) /build/glibc-uZu3wS/glibc-2.27/string/../sysdeps/x86_64/multiarch/strncase_l.c
-1 1
fe=(59)

fl=(113) /build/glibc-uZu3wS/glibc-2.27/ctype/ctype-info.c
fn=(442) __ctype_init
31 5
+2 1
+2 1
-4 1
+4 1
-4 1
+2 3
+2 2
+1 1

fl=(148) /build/glibc-uZu3wS/glibc-2.27/wcsmbs/btowc.c
fn=(1260) btowc
33 512
+5 256
-5 1280
+5 1280
+5 768
+4 384
fi=(149) /build/glibc-uZu3wS/glibc-2.27/wcsmbs/./wcsmbsload.h
+23 384
fe=(148)
-22 128
+2 128
-2 128
+2 128
+5 512
+3 256
cfi=(150) /build/glibc-uZu3wS/glibc-2.27/elf/dl-profstub.c
cfn=(1264) _dl_mcount_wrapper_check
calls=128 -20 
* 512
* 384
cfi=(151) /build/glibc-uZu3wS/glibc-2.27/iconv/gconv_simple.c
cfn=(1266) __gconv_btwoc_ascii
calls=128 -6 
* 640
+41 2048
fi=(149)
-27 384
+1 256
fe=(148)

fl=(72)
fn=(256)
30 5
fi=(158) /build/glibc-uZu3wS/glibc-2.27/string/../sysdeps/x86_64/multiarch/strpbrk.c
-1 1
fe=(72)

fn=(240)
30 10
fi=(159) /build/glibc-uZu3wS/glibc-2.27/string/../sysdeps/x86_64/multiarch/strcspn.c
-1 2
fe=(72)

fn=(272)
30 10
fi=(160) /build/glibc-uZu3wS/glibc-2.27/string/../sysdeps/x86_64/multiarch/strspn.c
-1 2
fe=(72)

fl=(114)
fn=(444)
84 4
+1 3
+1 3
+2 1

fl=(56)
fn=(198)
44 30
+4 12
-1 12
+12 12
+2 30

fn=(250)
44 25
+4 10
-1 10
+12 10
+2 25

fn=(224)
44 5
+4 2
-1 2
+12 2
+2 5

fl=(121)
fn=(486)
34 8
+1 1
cfi=(122) /build/glibc-uZu3wS/glibc-2.27/string/../sysdeps/x86_64/multiarch/strlen-avx2.S
cfn=(490) __strlen_avx2
calls=1 +20 
* 19
* 1
* 1
+4 7
+3 3
+49 9
-24 1
+6 1
+2 1
-3 1
+3 149
+9 74

fl=(144) /build/glibc-uZu3wS/glibc-2.27/locale/newlocale.c
fn=(1172) newlocale
44 14
+12 2
+8 2
+3 3
+6 2
+1 1
+2 1
-2 12
279 12
57 2

fl=(155) /build/glibc-uZu3wS/glibc-2.27/string/../sysdeps/x86_64/multiarch/strcmp-sse2-unaligned.S
fn=(1572) __strcmp_sse2_unaligned
24 8
+1 8
+1 8
+1 8
+1 8
+1 8
+1 8
+1 8
+1 8
+1 8
+1 8
+1 8
+1 8
+1 8
+1 8
+1 8
+2 8
+1 8
+1 8
+1 8
+1 8

fl=(122)
fn=(490)
55 69
+1 69
+1 69
+3 69
+1 69
+1 69
+3 52
+1 52
+1 52
+8 52
+19 17
+1 17
+1 17
+1 17
+2 17
+1 17
+1 17
+1 15
+6 15
+1 15
+1 15
+4 15
+1 15
+16 2
+10 2
+1 2
+1 2
+1 2
335 54
+1 54
+1 54
+4 54
+1 54

fl=(112) /build/glibc-uZu3wS/glibc-2.27/string/../sysdeps/x86_64/multiarch/strrchr-avx2.S
fn=(440) __strrchr_avx2
43 1
+1 1
+2 1
+1 1
+3 1
+1 1
+1 1
+33 1
+1 1
+1 1
+1 1
+1 1
+1 1
+1 1
+1 1
+1 1
+1 1
+3 1
+1 1
+9 1
+1 1
+3 1
+1 2
+4 1
+1 1
+1 1
+1 1
+1 1
+1 1
+1 1
+1 1
+32 1
+1 1
+2 1
+1 1
+1 1
+1 1
+6 1
+1 1
+1 1
+1 1

fl=(135) /build/glibc-uZu3wS/glibc-2.27/misc/sbrk.c
fn=(892) sbrk
32 2
+8 2
-8 6
+8 9
+1 2
cfi=(136) /build/glibc-uZu3wS/glibc-2.27/misc/../sysdeps/unix/sysv/linux/x86_64/brk.c
cfn=(894) brk
calls=1 -10 
* 12
* 3
+3 4
+4 6
+12 5
-4 2
cfi=(136)
cfn=(894)
calls=1 -25 
* 12
* 2
+4 5

fl=(76)
fn=(254)
32 4
-2 2
+2 4
-2 4
+5 2
-1 8
fi=(161) /build/glibc-uZu3wS/glibc-2.27/wcsmbs/../sysdeps/x86_64/multiarch/wmemset.c
-3 2
fe=(76)

fl=(57)
fn=(200)
33 8
fi=(58) /build/glibc-uZu3wS/glibc-2.27/string/../sysdeps/x86_64/multiarch/strncpy.c
-4 2
fe=(57)

fn=(246)
33 12
fi=(74) /build/glibc-uZu3wS/glibc-2.27/string/../sysdeps/x86_64/multiarch/strcpy.c
-4 3
fe=(57)

fn=(208)
33 8
fi=(61) /build/glibc-uZu3wS/glibc-2.27/string/../sysdeps/x86_64/multiarch/strcat.c
-4 2
fe=(57)

fn=(278)
33 8
fi=(80) /build/glibc-uZu3wS/glibc-2.27/string/../sysdeps/x86_64/multiarch/stpcpy.c
* 2
fe=(57)

fn=(274)
33 4
fi=(79) /build/glibc-uZu3wS/glibc-2.27/string/../sysdeps/x86_64/multiarch/stpncpy.c
-2 1
fe=(57)

fl=(147) /build/glibc-uZu3wS/glibc-2.27/wcsmbs/wctob.c
fn=(1254) wctob
31 1152
+9 256
+5 512
+37 1280

fl=(63)
fn=(214)
43 6
fi=(64) /build/glibc-uZu3wS/glibc-2.27/time/../sysdeps/generic/dl-hash.h
+1 3
+1 3
fe=(63)
-2 12
fi=(64)
+5 9
+14 12
-17 9
+3 27
+14 36
-17 27
+22 3
fe=(63)
-24 18
cfi=(65) /build/glibc-uZu3wS/glibc-2.27/elf/../sysdeps/unix/sysv/linux/dl-vdso.c
cfn=(218) _dl_vdso_vsym
calls=3 -18 
* 51
* 15

fl=(67)
fn=(226)
33 20
-1 8
+2 8
+1 12
fi=(68) /build/glibc-uZu3wS/glibc-2.27/string/../sysdeps/x86_64/multiarch/memcmp.c
-6 4
fe=(67)

fl=(136)
fn=(894)
31 16
+8 2
-6 4
+7 2

fl=(111) /build/glibc-uZu3wS/glibc-2.27/misc/init-misc.c
fn=(436) __init_misc
31 2
-1 3
+1 4
+2 3
cfi=(112)
cfn=(440)
calls=1 +10 
* 42
* 1
+4 5
+1 3
+2 4

fl=(93)
fn=(358)
44 20
+4 8
-1 8
+12 8
+2 20

fl=(130) /build/glibc-uZu3wS/glibc-2.27/elf/dl-addr.c
fn=(862) _dl_addr
126 9
+2 1
-2 1
+5 1
-5 1
+5 2
cob=(6)
cfi=(131)
cfn=(864)
calls=1 -64 
* 35
+2 2
cob=(1)
cfi=(101)
cfn=(395)
calls=1 -62 
* 2472
* 5
+2 3
30 1
+1 1
-1 1
+1 1
+3 2
+5 1
+6 1
-7 1
+2 3
+2 3
+3 1
+5 7
-6 2
+6 4043
+2 1010
+1 2020
-1 1
+1 2
+2 3664
+9 2061
+7 28
-2 28
+2 2356
-2 2300
+2 6012
-10 11640
+2 9312
+1 14836
+36 2
+1 1
+1 3
+3 2
+36 2
cob=(6)
cfi=(133)
cfn=(874)
calls=1 40 
* 29
+3 9
-27 1
+1 1
+20 2

fl=(129) /build/glibc-uZu3wS/glibc-2.27/malloc/arena.c
fn=(860) ptmalloc_init.part.0
289 2
+5 1
-5 3
+13 2
+6 1
fi=(127) /build/glibc-uZu3wS/glibc-2.27/malloc/malloc.c
1816 2
fe=(129)
308 12
fi=(127)
1816 13
+1 1
-1 3
+1 11
-1 390
+1 30
-1 90
+1 331
fe=(129)
313 1
fi=(127)
1825 1
fe=(129)
313 4
fi=(127)
1817 7
+11 1
-11 4
+9 1
fe=(129)
313 1
fi=(127)
1828 1
fe=(129)
313 1
cob=(1)
cfi=(101)
cfn=(395)
calls=1 71 
* 2371
* 5
+1 4
cob=(1)
cfi=(9)
cfn=(26)
calls=1 +59 
* 18
* 1
+1 4
cob=(1)
cfi=(9)
cfn=(26)
calls=1 +58 
* 19
* 1
+1 4
cob=(1)
cfi=(9)
cfn=(26)
calls=1 +57 
* 18
* 1
+1 4
cob=(1)
cfi=(9)
cfn=(26)
calls=1 +56 
* 18
* 1
+1 4
cob=(1)
cfi=(9)
cfn=(26)
calls=1 +55 
* 19
* 1
+1 4
cob=(1)
cfi=(9)
cfn=(26)
calls=1 +54 
* 18
* 1
+1 4
cob=(1)
cfi=(9)
cfn=(26)
calls=1 +53 
* 18
* 1
+2 4
cob=(1)
cfi=(9)
cfn=(26)
calls=1 +51 
* 18
* 1
+1 4
cob=(1)
cfi=(9)
cfn=(26)
calls=1 +50 
* 18
* 1
+1 4
cob=(1)
cfi=(9)
cfn=(26)
calls=1 +49 
* 18
* 1
+71 2
+1 2
+4 2
-1 1
+1 4
-97 5
cfi=(130)
cfn=(862)
calls=1 126 
* 61922
* 2
+1 4

fl=(151)
fn=(1266)
52 512
+3 128

fl=(126)
fn=(820)
65 189
-26 54
+26 27
-26 135
+1 54
cfn=(822) __new_exitfn
calls=27 +44 
* 939
+2 54
+7 54
+3 27
-1 27
+2 27
+1 27
+1 108
+1 27
+11 162

fn=(822)
84 54
-6 54
+1 54
-1 27
+11 135
+2 81
+1 130
-3 1
+10 2
-10 2
+3 52
+10 52
+25 26
+1 26
-1 26
+1 26
-1 26
+7 26
+1 26
+4 104
-5 1
+1 1
+4 4
-19 1
+1 2

fl=(62)
fn=(212)
32 3
-2 3
+2 6
-2 9
fi=(162) /build/glibc-uZu3wS/glibc-2.27/string/../sysdeps/x86_64/multiarch/strrchr.c
-2 3
fe=(62)

fn=(238)
32 2
-2 2
+2 4
-2 6
fi=(163) /build/glibc-uZu3wS/glibc-2.27/string/../sysdeps/x86_64/multiarch/strnlen.c
+1 2
fe=(62)

fn=(260)
32 5
-2 5
+2 10
-2 15
fi=(164) /build/glibc-uZu3wS/glibc-2.27/string/../sysdeps/x86_64/multiarch/strlen.c
-1 5
fe=(62)

fn=(262)
32 1
-2 1
+2 2
-2 3
fi=(165) /build/glibc-uZu3wS/glibc-2.27/string/../sysdeps/x86_64/multiarch/memrchr.c
-1 1
fe=(62)

fn=(268)
32 4
-2 4
+2 8
-2 12
fi=(166) /build/glibc-uZu3wS/glibc-2.27/string/../sysdeps/x86_64/multiarch/memchr.c
-1 4
fe=(62)

fn=(282)
32 1
-2 1
+2 2
-2 3
fi=(167) /build/glibc-uZu3wS/glibc-2.27/string/../sysdeps/x86_64/multiarch/strchrnul.c
+1 1
fe=(62)

fn=(220)
32 1
-2 1
+2 2
-2 3
fi=(168) /build/glibc-uZu3wS/glibc-2.27/string/../sysdeps/x86_64/multiarch/rawmemchr.c
+1 1
fe=(62)

fl=(95)
fn=(362)
42 15
+4 6
-1 12
+12 6
+2 15

fl=(128) /build/glibc-uZu3wS/glibc-2.27/malloc/hooks.c
fn=(858) malloc_hook_ini
29 5
fi=(129)
291 1
fe=(128)
30 1
fi=(129)
291 1
fe=(128)
30 1
fi=(129)
291 1
fi=(127)
3049 7
+3 1
-2 2
+2 3
+13 4
+2 3
cfn=(886) _int_malloc
calls=1 3531 
* 161
+1 1
-1 1
+1 6
-19 4
-56 5
cfn=(884) tcache_init.part.4
calls=1 +3 
* 496
+62 3
fe=(128)
33 6
cfi=(129)
cfn=(860)
calls=1 289 
* 65466
* 1
fi=(127)
3044 2
fe=(128)

fl=(152) /build/glibc-uZu3wS/glibc-2.27/wctype/wctype_l.c
fn=(1278) wctype_l
27 50
+7 10
-7 40
+3 10
cfi=(122)
cfn=(490)
calls=10 +25 
* 166
* 10
+3 10
-3 10
+3 20
+8 48
+1 96
-8 48
+2 96
cfi=(122)
cfn=(490)
calls=48 +19 
* 776
* 48
* 20
cfi=(122)
cfn=(490)
calls=10 +19 
* 150
* 10
+2 58
-2 58
+2 254
cfi=(153) /build/glibc-uZu3wS/glibc-2.27/string/../sysdeps/x86_64/multiarch/memcmp-avx2-movbe.S
cfn=(1282) __memcmp_avx2_movbe
calls=49 +28 
* 1058
* 49
* 98
+8 10
+1 10
+1 80

fl=(115)
fn=(446)
488 7
+14 6
758 2
+2 1
+1 1
+2 1
-3 1
+5 1
-5 1
+4 3
+4 2
+3 2
+2 1
+1 1
+2 1
-3 1
+5 1
-5 1
+4 3
+9 1
+2 8
-2 1
+3 8
500 1
+4 1
-4 1
+4 1
cfn=(448) handle_intel.constprop.1
calls=1 259 
* 469
+2 1
-2 1
+2 1
cfn=(448)
calls=1 259 
* 515
+5 1
-5 1
+5 1
cfn=(448)
calls=1 259 
* 542
+8 1
-8 1
+8 1
+11 1
-20 1
+25 3
+4 2
+8 6
+3 2
+9 6
+14 2
+4 1
+3 1
+1 1
-4 1
+3 1
-3 1
+3 1
+6 8
-39 3
+3 9
+6 6
-6 3
+6 2
+3 20
+5 2
+4 1
+1 1
-1 3
691 4
+1 5
+4 2
+59 2
592 2
+8 1
+2 1
-2 6
+2 4
-2 1
+4 1
+23 2
-25 2
+2 6
+2 6
+3 2
+1 8
+2 4
+3 2
+5 1
+2 2
+1 1
-1 1
+2 1
-2 1
+1 2
+27 2
+1 1
+1 2
+2 1
-1 1
+1 1
-24 3
+4 2
+3 1
+2 4
+1 1
+5 2

fn=(450) intel_check_word.isra.0
132 12
+6 6
-10 18
+10 6
-10 6
+10 6
-10 6
+10 12
-10 6
+10 6
+2 6
-2 6
+2 18
250 12
140 24
+2 15
+2 30
+8 30
+51 24
+22 12
fi=(116) /build/glibc-uZu3wS/glibc-2.27/string/../bits/stdlib-bsearch.h
28 12
-1 24
+4 24
+1 12
fe=(115)
+87 24
fi=(116)
-88 138
+1 69
fe=(115)
+87 138
+3 81
fi=(116)
-93 252
+8 15
-8 36
fe=(115)
134 3
255 36
-91 9
+3 9
-6 13
+3 4
+9 4
+5 14
+1 10
+17 5
-32 15
+3 15
+4 14
+2 28
+2 14
+2 8
+4 3
+2 6
+2 3
+2 3
-2 3
+2 6
-2 3
+3 9
-2 12
+2 6
-24 2
+7 2
+2 4

fn=(448)
259 21
+2 3
-2 9
+5 9
+8 3
+1 3
-3 3
+5 12
+6 6
+5 3
-5 9
+5 3
+2 3
+1 3
-1 3
+5 18
cfn=(450)
calls=3 132 
* 1035
+2 6
+3 21
cfn=(450)
calls=3 132 
* 314
+2 6
+19 33

fl=(65)
fn=(218)
25 50
+1 20
+4 20
+18 60
-21 10
+20 10

fl=(150)
fn=(1264)
38 384
+2 128

fl=(71)
fn=(234)
42 25
+4 10
-1 20
+12 10
+2 25

fl=(134) /build/glibc-uZu3wS/glibc-2.27/malloc/morecore.c
fn=(890) __default_morecore
46 2
+1 2
cfi=(135)
cfn=(892)
calls=2 -15 
* 72
+2 6
+3 4

fl=(94)
fn=(360)
44 6

fl=(70)
fn=(232)
38 16
+9 4

fl=(105) /build/glibc-uZu3wS/glibc-2.27/nptl/register-atfork.c
fn=(414) __register_atfork
85 6
+2 2
-2 1
+2 4
-41 2
+7 2
+1 6
+20 1
-1 1
+1 3
+20 1
+1 1
+1 1
+1 1
+18 2
+1 6
-13 4
+2 2
+1 2
-1 1
+1 3

fl=(146) /build/glibc-uZu3wS/glibc-2.27/locale/uselocale.c
fn=(1248) uselocale
31 2
+2 4
-2 2
+2 2
+3 4
+1 2
+28 6
+1 6
+2 6
+4 6
+1 2

fl=(127)
fn=(884)
2996 1
-9 1
+9 9
+1 3
cfn=(886)
calls=1 3531 
* 389
+1 1
-1 1
+1 1
+8 4
+7 2
+2 1
+1 2
-1 1
+1 78
+3 2

fn=(888) sysmalloc
2274 8
+20 1
+11 1
-11 1
+11 1
+1 4
fi=(129)
535 1
fe=(127)
2321 2
fi=(129)
535 1
fe=(127)
2321 2
+66 1
+1 3
+10 1
-9 1
+9 3
+6 4
+3 3
2724 2
+1 1
+5 2
+3 2
+5 1
-3 1
+3 1
-2 1
+2 3
+1 1
-1 1
-1 1
+4 1
-3 2
+1 1
+2 1
+6 9
2460 3
+19 2
-11 1
+11 1
-11 1
+21 4
cfi=(134)
cfn=(890)
calls=1 46 
* 61
* 1
+1 1
+3 3
+3 4
+1 2
+46 2
+2 2
+6 1
-6 1
+6 1
-82 1
+10 2
+8 1
-8 1
+8 1
+67 4
+34 2
+6 3
+22 2
+1 5
+2 1
-2 1
+2 1
+1 4
cfi=(134)
cfn=(890)
calls=1 46 
* 25
+12 3
+48 1
+1 1
-2 1
+1 2
+12 1
-12 1
+1 1
+11 1
2544 2
-3 3
+99 2
+1 4

fn=(856) malloc
3038 3
+5 2
+1 2
+1 1
+46 3
-46 1
cfi=(128)
cfn=(858)
calls=1 29 
* 66182

fn=(886)
3531 12
+32 2
-32 2
+32 18
+4 12
+24 4
4141 18
3649 5
+62 37
+1 3
+20 2
-1 4
+1 2
-1 2
+1 4
-2 5
+6 3
+66 1
-40 2
3889 1
3741 1
+1 1
+20 2
+40 2
-60 2
-12 1
+6 3
+66 1
-40 2
3889 1
3741 1
+1 1
+20 2
+40 2
-60 2
-90 3
+2 1
-2 1
+2 2
+59 20
-62 13
3914 4
+2 4
+3 1
-3 1
+3 2
+68 4
+1 4
+1 4
+1 4
+1 4
+5 4
3730 2
-19 4
3903 4
+97 6
+3 4
-3 3
+3 4
-3 2
4100 2
+3 2
-2 4
+2 5
+17 3
1887 1
4113 1
1887 2
4135 3
cfn=(888)
calls=1 2274 
* 237
+1 1
-1 1
+1 1
1887 3
4105 1
+3 2
-3 1
+1 1
+2 3
+2 1
-2 2
-1 1
+1 2
+2 2

fl=(66)
fn=(222)
32 2
-2 2
+2 4
-2 6
fi=(169) /build/glibc-uZu3wS/glibc-2.27/wcsmbs/../sysdeps/x86_64/multiarch/wmemchr.c
+1 2
fe=(66)

fn=(236)
32 2
-2 2
+2 4
-2 6
fi=(170) /build/glibc-uZu3wS/glibc-2.27/wcsmbs/../sysdeps/x86_64/multiarch/wcschr.c
+1 2
fe=(66)

fn=(270)
32 1
-2 1
+2 2
-2 3
fi=(171) /build/glibc-uZu3wS/glibc-2.27/wcsmbs/../sysdeps/x86_64/multiarch/wcslen.c
-1 1
fe=(66)

fl=(69)
fn=(230)
38 12
+1 9
+9 3

fl=(75)
fn=(252)
40 1
-2 1
+2 2
-2 2
+11 1

fl=(104) /build/glibc-uZu3wS/glibc-2.27/nptl/libc_pthread_init.c
fn=(412) __libc_pthread_init
43 1
+2 1
+3 1
-5 1
+5 4
cfi=(105)
cfn=(414)
calls=1 +37 
* 52
* 1
+19 2
+3 3
+1 1
-4 3
+3 156
+1 52
-4 156
+12 1
-6 1
+6 2

fl=(82)
fn=(288)
42 10
fi=(64)
+2 5
+1 5
fe=(82)
-3 15
fi=(64)
+1 5
+5 15
+14 20
-17 15
+3 45
+14 60
-17 45
+22 5
fe=(82)
-25 30
cfi=(65)
cfn=(218)
calls=5 -17 
* 85
* 25

fl=(77)
fn=(258)
40 8
-2 4
+2 8
-2 8
+11 4

fl=(153)
fn=(1282)
66 49
+1 49
182 49
+1 49
+1 49
+1 49
+1 49
+1 49
+1 49
+1 49
+1 49
+1 49
+1 39
+1 39
+1 39
+4 10
+38 49
+1 49
+1 49
+1 49
+1 49
+1 49
+1 49

fl=(103) /build/glibc-uZu3wS/glibc-2.27/resource/../sysdeps/unix/sysv/linux/getrlimit64.c
fn=(406) getrlimit
37 1
+1 7
+1 1

fl=(108)
fn=(430)
52 8
+3 3
+14 1
fi=(109) /build/glibc-uZu3wS/glibc-2.27/csu/../sysdeps/generic/dl-hash.h
-25 1
fe=(108)
+23 1
+1 1
fi=(109)
-23 1
fe=(108)
+24 1
fi=(110) /build/glibc-uZu3wS/glibc-2.27/csu/../sysdeps/unix/sysv/linux/x86_64/init-first.c
-33 4
fi=(109)
+7 1
+5 3
+14 4
-17 3
+3 9
+14 12
-17 9
+22 1
fi=(110)
-31 2
+2 2
-2 1
+2 2
cfi=(65)
cfn=(218)
calls=1 -13 
* 17
+2 1
+4 1
-4 1
+4 1
-4 1
+1 2
+1 1
+2 1
cfi=(65)
cfn=(218)
calls=1 -19 
* 17
fe=(108)
+37 3
fi=(110)
-36 2
+1 1
fe=(108)
+35 1
cfi=(111)
cfn=(436)
calls=1 -50 
* 67
+3 1
cfi=(113)
cfn=(442)
calls=1 -53 
* 16
+5 6
-27 1
-7 1
+7 4

ob=(2)
fl=(18)
fn=(542)
0 6

fn=(1036)
0 6

fn=(1074)
0 6

fn=(1714) 0x0000000004063b70
0 2
cob=(1)
cfi=(101)
cfn=(394)
calls=1 71 
0 996
0 2
cob=(12)
cfi=(138)
cfn=(1068)
calls=1 0 
0 5
0 2

fn=(1724) 0x0000000004065090
0 2
cob=(1)
cfi=(101)
cfn=(394)
calls=1 71 
0 1873
0 5
cob=(11)
cfi=(125)
cfn=(840)
calls=4 0 
0 72
0 2

fn=(454)
0 6

fn=(552)
0 6

fn=(1084)
0 6

fn=(1688) 0x0000000004064800
0 2
cob=(1)
cfi=(101)
cfn=(394)
calls=1 71 
0 1974
0 2
cob=(11)
cfi=(125)
cfn=(1112) std::ios_base::Init::Init()
calls=1 0 
0 22
0 2

fn=(1732) 0x0000000004062fb0
0 2
cob=(1)
cfi=(101)
cfn=(394)
calls=1 71 
0 1918
0 5
cob=(11)
cfi=(125)
cfn=(846)
calls=4 0 
0 28
0 2

fn=(466)
0 6

fn=(1026)
0 6

fn=(794)
0 6

fn=(1676)
0 6

fn=(1680)
0 17

fn=(1696) 0x0000000004063640
0 6
cob=(3)
cfi=(126)
cfn=(820)
calls=6 65 
0 426

fn=(1700)
0 8
cfn=(1688)
calls=1 0 
0 23
0 4
cfn=(1696)
calls=1 0 
0 72
0 1
cfn=(1706) 0x0000000004064a60
calls=1 0 
0 1032
0 1
cfn=(1706)
calls=1 0 
0 6
0 1
cfn=(1714)
calls=1 0 
0 1001
0 1
cfn=(1714)
calls=1 0 
0 6
0 25
cfn=(1724)
calls=1 0 
0 1878
0 12
cfn=(1732)
calls=1 0 
0 1923
0 4
cfn=(1696)
calls=1 0 
0 72
0 3
cfn=(1724)
calls=1 0 
0 19
0 12
cfn=(1732)
calls=1 0 
0 8
0 4
cfn=(1696)
calls=1 0 
0 72
0 3
cfn=(1724)
calls=1 0 
0 19
0 12
cfn=(1732)
calls=1 0 
0 8
0 4
cfn=(1696)
calls=1 0 
0 72
0 3
cfn=(1724)
calls=1 0 
0 19
0 12
cfn=(1732)
calls=1 0 
0 8
0 4
cfn=(1696)
calls=1 0 
0 72
0 3
cfn=(1724)
calls=1 0 
0 19
0 12
cfn=(1732)
calls=1 0 
0 8
0 4
cfn=(1696)
calls=1 0 
0 72
0 1

fn=(1706)
0 2
cob=(1)
cfi=(101)
cfn=(394)
calls=1 71 
0 1027
0 2
cob=(12)
cfi=(138)
cfn=(1048)
calls=1 0 
0 5
0 2

fn=(90)
0 22
cob=(1)
cfi=(19)
cfn=(92)
calls=22 111 
0 128

fn=(1686)
0 2
cob=(1)
cfi=(101)
cfn=(394)
calls=1 71 
0 2278
0 6
cfn=(1688)
calls=1 0 
0 1979
0 5

fn=(1094)
0 6

fn=(380)
0 2
cob=(6)
cfi=(98)
cfn=(382)
calls=1 285 
0 7566
0 2

fn=(476)
0 5
cob=(8)
cfi=(120)
cfn=(480)
calls=1 0 
0 391
0 2

ob=(10)
fl=(124)
fn=(578) 0x0000000000006860
0 120

fn=(558) 0x0000000000002c20
0 255
cfn=(578)
calls=1 0 
0 10
0 3
cfn=(578)
calls=1 0 
0 10
0 3
cfn=(578)
calls=1 0 
0 10
0 3
cfn=(578)
calls=1 0 
0 10
0 3
cfn=(578)
calls=1 0 
0 10
0 3
cfn=(578)
calls=1 0 
0 10
0 3
cfn=(578)
calls=1 0 
0 10
0 10
cfn=(578)
calls=1 0 
0 10
0 3
cfn=(578)
calls=1 0 
0 10
0 3
cfn=(578)
calls=1 0 
0 10
0 3
cfn=(578)
calls=1 0 
0 10
0 3
cfn=(578)
calls=1 0 
0 10
0 1

fn=(788)
0 11

fn=(556)
0 54
cfn=(558)
calls=1 0 
0 416
0 22

ob=(15)
fl=(141)
fn=(1662)
0 3
cob=(11)
cfi=(125)
cfn=(1112)
calls=1 0 
0 22
0 1
0 5
cob=(3)
cfi=(126)
cfn=(820)
calls=1 65 
0 71
0 1

fn=(1668)
0 3
cob=(11)
cfi=(125)
cfn=(1112)
calls=1 0 
0 22
0 1
0 5
cob=(3)
cfi=(126)
cfn=(820)
calls=1 65 
0 71
0 1

fn=(1674)
0 3
cob=(11)
cfi=(125)
cfn=(1112)
calls=1 0 
0 22
0 1
0 5
cob=(3)
cfi=(126)
cfn=(820)
calls=1 65 
0 71
0 1

fn=(1098)
0 17

fn=(1660)
0 3
cob=(11)
cfi=(125)
cfn=(1112)
calls=1 0 
0 22
0 1
0 5
cob=(3)
cfi=(126)
cfn=(820)
calls=1 65 
0 71
0 1

fn=(1666)
0 3
cob=(11)
cfi=(125)
cfn=(1112)
calls=1 0 
0 22
0 1
0 5
cob=(3)
cfi=(126)
cfn=(820)
calls=1 65 
0 71
0 1

fn=(1672)
0 3
cob=(11)
cfi=(125)
cfn=(1112)
calls=1 0 
0 22
0 1
0 5
cob=(3)
cfi=(126)
cfn=(820)
calls=1 65 
0 71
0 1

fn=(1104)
0 3
cob=(1)
cfi=(101)
cfn=(394)
calls=1 71 
0 138678
0 5
0 5
cob=(1)
cfi=(101)
cfn=(394)
calls=1 71 
0 2278
0 5

fn=(1658)
0 3
cob=(11)
cfi=(125)
cfn=(1112)
calls=1 0 
0 22
0 1
0 5
cob=(3)
cfi=(126)
cfn=(820)
calls=1 65 
0 71
0 1

fn=(1664)
0 3
cob=(11)
cfi=(125)
cfn=(1112)
calls=1 0 
0 22
0 1
0 5
cob=(3)
cfi=(126)
cfn=(820)
calls=1 65 
0 71
0 1

fn=(1670)
0 3
cob=(11)
cfi=(125)
cfn=(1112)
calls=1 0 
0 22
0 1
0 5
cob=(3)
cfi=(126)
cfn=(820)
calls=1 65 
0 71
0 1

ob=(11)
fl=(125)
fn=(1206) std::__cxx11::moneypunct<char, false>::_M_initialize_moneypunct(__locale_struct*, char const*)
0 112

fn=(1332) std::numpunct<char>::_M_initialize_numpunct(__locale_struct*)
0 413

fn=(1482) std::messages<wchar_t>::messages(unsigned long)
0 12
cfn=(1158) std::locale::facet::_S_get_c_locale()
calls=1 0 
0 16
0 1
0 2
cfn=(1146) std::locale::facet::_S_get_c_name()
calls=1 0 
0 2
0 1
0 5

fn=(1604) std::num_get<char, std::istreambuf_iterator<char, std::char_traits<char> > > const& std::use_facet<std::num_get<char, std::istreambuf_iterator<char, std::char_traits<char> > > >(std::locale const&)
0 16
cfn=(1188) std::locale::id::_M_id() const
calls=4 0 
0 20
0 4
0 44
cfn=(1562) __dynamic_cast
calls=4 0 
0 360
0 4
0 16

fn=(1634) bool std::has_facet<std::num_put<wchar_t, std::ostreambuf_iterator<wchar_t, std::char_traits<wchar_t> > > >(std::locale const&)
0 16
cfn=(1188)
calls=4 0 
0 20
0 4
0 48
cfn=(1562)
calls=4 0 
0 360
0 4
0 20

fn=(828)
0 2
cob=(1)
cfi=(101)
cfn=(394)
calls=1 71 
0 3226
0 5
0 4

fn=(850)
0 8
cob=(1)
cfi=(101)
cfn=(394)
calls=1 71 
0 69187
0 5
0 8

fn=(900)
0 73

fn=(950)
0 33

fn=(1188)
0 982

fn=(1368) std::moneypunct<char, true>::_M_initialize_moneypunct(__locale_struct*, char const*)
0 112

fn=(1538) std::locale::operator=(std::locale const&)
0 152

fn=(812) std::error_category::error_category()
0 8

fn=(834) std::future_category()
0 11
cob=(1)
cfi=(101)
cfn=(395)
calls=1 71 
0 1030
0 5
0 6
cob=(3)
cfi=(126)
cfn=(820)
calls=1 65 
0 71
0 1
0 2
cob=(1)
cfi=(101)
cfn=(395)
calls=1 71 
0 1055
0 5
0 5

fn=(846)
0 56

fn=(994)
0 49

fn=(1120) 0x00000000000bc310
0 132
cob=(6)
cfi=(142)
cfn=(1128)
calls=21 139 
0 105
cob=(1)
cfi=(101)
cfn=(395)
calls=1 71 
0 95867
0 26
0 110

fn=(1134)
0 5
cob=(1)
cfi=(101)
cfn=(395)
calls=1 71 
0 93703
0 5
0 8
cob=(1)
cfi=(101)
cfn=(395)
calls=1 71 
0 1119
0 5

fn=(1140) std::locale::_Impl::_Impl(unsigned long)
0 140
cob=(1)
cfi=(101)
cfn=(395)
calls=1 71 
0 1133
0 5
0 7
cob=(1)
cfi=(101)
cfn=(395)
calls=1 71 
0 6904
0 5
0 4
cob=(1)
cfi=(101)
cfn=(395)
calls=1 71 
0 2810
0 5
0 4
cob=(1)
cfi=(101)
cfn=(395)
calls=1 71 
0 1179
0 5
0 4
cfn=(1182) std::locale::_Impl::_M_install_facet(std::locale::id const*, std::locale::facet const*)
calls=1 0 
0 396
0 1
0 24
cob=(1)
cfi=(101)
cfn=(395)
calls=1 71 
0 1824
0 5
0 4
cfn=(1182)
calls=1 0 
0 396
0 1
0 8
cfn=(1182)
calls=1 0 
0 396
0 1
0 8
cfn=(1182)
calls=1 0 
0 396
0 1
0 5
cfn=(1158)
calls=1 0 
0 16
0 1
0 5
cfn=(1182)
calls=1 0 
0 396
0 1
0 29
cob=(1)
cfi=(101)
cfn=(395)
calls=1 71 
0 1690
0 5
0 4
cfn=(1182)
calls=1 0 
0 396
0 1
0 29
cob=(1)
cfi=(101)
cfn=(395)
calls=1 71 
0 1707
0 5
0 4
cfn=(1182)
calls=1 0 
0 396
0 1
0 8
cfn=(1182)
calls=1 0 
0 396
0 1
0 8
cfn=(1182)
calls=1 0 
0 396
0 1
0 57
cob=(1)
cfi=(101)
cfn=(395)
calls=1 71 
0 2845
0 5
0 4
cfn=(1182)
calls=1 0 
0 396
0 1
0 8
cfn=(1182)
calls=1 0 
0 396
0 1
0 8
cfn=(1182)
calls=1 0 
0 396
0 1
0 4
cob=(1)
cfi=(101)
cfn=(395)
calls=1 71 
0 1149
0 5
0 4
cfn=(1182)
calls=1 0 
0 396
0 1
0 4
cob=(1)
cfi=(101)
cfn=(395)
calls=1 71 
0 35440
0 5
0 4
cfn=(1182)
calls=1 0 
0 396
0 1
0 4
cob=(1)
cfi=(101)
cfn=(395)
calls=1 71 
0 1179
0 5
0 4
cfn=(1182)
calls=1 0 
0 396
0 1
0 23
cob=(1)
cfi=(101)
cfn=(395)
calls=1 71 
0 1743
0 5
0 4
cfn=(1182)
calls=1 0 
0 396
0 1
0 8
cfn=(1182)
calls=1 0 
0 396
0 1
0 8
cfn=(1182)
calls=1 0 
0 396
0 1
0 5
cfn=(1158)
calls=1 0 
0 16
0 1
0 5
cfn=(1182)
calls=1 0 
0 396
0 1
0 28
cob=(1)
cfi=(101)
cfn=(395)
calls=1 71 
0 1623
0 5
0 4
cfn=(1182)
calls=1 0 
0 396
0 1
0 28
cob=(1)
cfi=(101)
cfn=(395)
calls=1 71 
0 1635
0 5
0 4
cfn=(1182)
calls=1 0 
0 396
0 1
0 8
cfn=(1182)
calls=1 0 
0 396
0 1
0 8
cfn=(1182)
calls=1 0 
0 396
0 1
0 57
cob=(1)
cfi=(101)
cfn=(395)
calls=1 71 
0 2875
0 5
0 4
cfn=(1182)
calls=1 0 
0 396
0 1
0 8
cfn=(1182)
calls=1 0 
0 396
0 1
0 8
cfn=(1182)
calls=1 0 
0 396
0 1
0 4
cob=(1)
cfi=(101)
cfn=(395)
calls=1 71 
0 1113
0 5
0 4
cfn=(1182)
calls=1 0 
0 396
0 1
0 8
cfn=(1182)
calls=1 0 
0 396
0 1
0 8
cfn=(1182)
calls=1 0 
0 396
0 1
0 8
cfn=(1182)
calls=1 0 
0 396
0 1
0 8
cfn=(1182)
calls=1 0 
0 396
0 1
0 11
cfn=(1326) 0x00000000000d4ac0
calls=1 0 
0 12596
0 3
cfn=(1188)
calls=1 0 
0 5
0 1
0 4
cfn=(1188)
calls=1 0 
0 5
0 1
0 4
cfn=(1188)
calls=1 0 
0 5
0 1
0 4
cfn=(1188)
calls=1 0 
0 5
0 1
0 5
cfn=(1188)
calls=1 0 
0 5
0 1
0 4
cfn=(1188)
calls=1 0 
0 5
0 1
0 5
cfn=(1188)
calls=1 0 
0 5
0 1
0 5
cfn=(1188)
calls=1 0 
0 5
0 1
0 13

fn=(1194) std::codecvt<char, char, __mbstate_t>::codecvt(unsigned long)
0 12
cfn=(1158)
calls=1 0 
0 16
0 1
0 5

fn=(1200) std::__cxx11::numpunct<char>::_M_initialize_numpunct(__locale_struct*)
0 413

fn=(1212) std::__cxx11::moneypunct<char, true>::_M_initialize_moneypunct(__locale_struct*, char const*)
0 112

fn=(1224) std::__timepunct<char>::_M_initialize_timepunct(__locale_struct*)
0 10
cfn=(1158)
calls=1 0 
0 16
0 1
0 95

fn=(1294) std::__cxx11::numpunct<wchar_t>::_M_initialize_numpunct(__locale_struct*)
0 349

fn=(1414) std::numpunct<wchar_t>::_M_initialize_numpunct(__locale_struct*)
0 349

fn=(1520) std::ios_base::ios_base()
0 464
cfn=(1118) std::locale::locale()
calls=8 0 
0 264
0 8

fn=(1532) std::ios_base::_M_init()
0 104
cfn=(1118)
calls=8 0 
0 264
0 8
0 24
cfn=(1538)
calls=7 0 
0 133
cob=(1)
cfi=(101)
cfn=(395)
calls=1 71 
0 1051
0 12
0 16
cfn=(1544) std::locale::~locale()
calls=7 0 
0 49
cob=(1)
cfi=(101)
cfn=(395)
calls=1 71 
0 1040
0 12
0 56

fn=(1550) std::basic_ios<char, std::char_traits<char> >::_M_cache_locale(std::locale const&)
0 28
cfn=(1556) bool std::has_facet<std::ctype<char> >(std::locale const&)
calls=3 0 
0 510
cob=(1)
cfi=(101)
cfn=(395)
calls=1 71 
0 5355
0 8
0 16
cfn=(1578) std::ctype<char> const& std::use_facet<std::ctype<char> >(std::locale const&)
calls=3 0 
0 504
cob=(1)
cfi=(101)
cfn=(395)
calls=1 71 
0 1492
0 8
0 12
cfn=(1584) bool std::has_facet<std::num_put<char, std::ostreambuf_iterator<char, std::char_traits<char> > > >(std::locale const&)
calls=3 0 
0 354
cob=(1)
cfi=(101)
cfn=(395)
calls=1 71 
0 1662
0 8
0 16
cfn=(1592) std::num_put<char, std::ostreambuf_iterator<char, std::char_traits<char> > > const& std::use_facet<std::num_put<char, std::ostreambuf_iterator<char, std::char_traits<char> > > >(std::locale const&)
calls=3 0 
0 348
cob=(1)
cfi=(101)
cfn=(395)
calls=1 71 
0 1684
0 8
0 12
cfn=(1598) bool std::has_facet<std::num_get<char, std::istreambuf_iterator<char, std::char_traits<char> > > >(std::locale const&)
calls=3 0 
0 354
cob=(1)
cfi=(101)
cfn=(395)
calls=1 71 
0 1742
0 8
0 16
cfn=(1604)
calls=3 0 
0 348
cob=(1)
cfi=(101)
cfn=(395)
calls=1 71 
0 1684
0 8
0 20

fn=(1628) std::ctype<wchar_t> const& std::use_facet<std::ctype<wchar_t> >(std::locale const&)
0 16
cfn=(1188)
calls=4 0 
0 20
0 4
0 44
cfn=(1562)
calls=4 0 
0 360
0 4
0 16

fn=(1652) std::num_get<wchar_t, std::istreambuf_iterator<wchar_t, std::char_traits<wchar_t> > > const& std::use_facet<std::num_get<wchar_t, std::istreambuf_iterator<wchar_t, std::char_traits<wchar_t> > > >(std::locale const&)
0 16
cfn=(1188)
calls=4 0 
0 20
0 4
0 44
cfn=(1562)
calls=4 0 
0 360
0 4
0 16

fn=(804)
0 8
cob=(1)
cfi=(101)
cfn=(394)
calls=1 71 
0 1047
0 5
0 7
cob=(1)
cfi=(101)
cfn=(394)
calls=1 71 
0 3124
0 5
0 3
cfn=(812)
calls=1 0 
0 4
0 1
0 9
cob=(3)
cfi=(126)
cfn=(820)
calls=1 65 
0 71
0 1

fn=(1272) std::ctype<wchar_t>::_M_convert_to_wmask(unsigned short) const
0 72
cob=(3)
cfi=(152)
cfn=(1278)
calls=1 27 
0 624
0 1
0 24
cob=(3)
cfi=(152)
cfn=(1278)
calls=1 27 
0 392
0 1
0 7
cob=(3)
cfi=(152)
cfn=(1278)
calls=1 27 
0 508
0 1
0 9
cob=(3)
cfi=(152)
cfn=(1278)
calls=1 27 
0 197
0 1
0 3
cob=(3)
cfi=(152)
cfn=(1278)
calls=1 27 
0 251
0 1
0 3
cob=(1)
cfi=(101)
cfn=(395)
calls=1 71 
0 3050
0 5
0 3
cob=(3)
cfi=(152)
cfn=(1278)
calls=1 27 
0 570
0 1
0 3
cob=(3)
cfi=(152)
cfn=(1278)
calls=1 27 
0 189
0 1
0 3
cob=(3)
cfi=(152)
cfn=(1278)
calls=1 27 
0 330
0 1
0 7
cob=(3)
cfi=(152)
cfn=(1278)
calls=1 27 
0 143
0 1

fn=(1526) std::basic_ios<char, std::char_traits<char> >::init(std::basic_streambuf<char, std::char_traits<char> >*)
0 24
cfn=(1532)
calls=3 0 
0 261
cob=(1)
cfi=(101)
cfn=(395)
calls=1 71 
0 3225
0 8
0 12
cfn=(1550)
calls=3 0 
0 2526
cob=(1)
cfi=(101)
cfn=(395)
calls=1 71 
0 15087
0 8
0 52

fn=(1544)
0 56

fn=(1562)
0 1632
cfn=(1586) __cxxabiv1::__si_class_type_info::__do_dyncast(long, __cxxabiv1::__class_type_info::__sub_kind, __cxxabiv1::__class_type_info const*, void const*, __cxxabiv1::__class_type_info const*, void const*, __cxxabiv1::__class_type_info::__dyncast_result&) const
calls=40 0 
0 1440
cfn=(1564) __cxxabiv1::__vmi_class_type_info::__do_dyncast(long, __cxxabiv1::__class_type_info::__sub_kind, __cxxabiv1::__class_type_info const*, void const*, __cxxabiv1::__class_type_info const*, void const*, __cxxabiv1::__class_type_info::__dyncast_result&) const
calls=8 0 
0 3671
0 960

fn=(840)
0 144

fn=(1146)
0 14

fn=(1166) std::locale::facet::_S_create_c_locale(__locale_struct*&, char const*, __locale_struct*)
0 4
cob=(1)
cfi=(101)
cfn=(395)
calls=1 71 
0 3060
0 5
0 5

fn=(1218) std::__timepunct<char>::__timepunct(std::__timepunct_cache<char>*, unsigned long)
0 14
cfn=(1146)
calls=1 0 
0 2
0 1
0 4
cob=(1)
cfi=(101)
cfn=(395)
calls=1 71 
0 1543
0 5
0 4

fn=(1300) std::__cxx11::moneypunct<wchar_t, false>::_M_initialize_moneypunct(__locale_struct*, char const*)
0 108

fn=(1400) std::messages<char>::messages(unsigned long)
0 12
cfn=(1158)
calls=1 0 
0 16
0 1
0 2
cfn=(1146)
calls=1 0 
0 2
0 1
0 5

fn=(1510) std::locale::locale(std::locale::_Impl*)
0 2

fn=(1578)
0 16
cfn=(1188)
calls=4 0 
0 20
0 4
0 44
cfn=(1562)
calls=4 0 
0 568
0 4
0 16

fn=(1584)
0 16
cfn=(1188)
calls=4 0 
0 20
0 4
0 48
cfn=(1562)
calls=4 0 
0 360
0 4
0 20

fn=(1640) std::num_put<wchar_t, std::ostreambuf_iterator<wchar_t, std::char_traits<wchar_t> > > const& std::use_facet<std::num_put<wchar_t, std::ostreambuf_iterator<wchar_t, std::char_traits<wchar_t> > > >(std::locale const&)
0 16
cfn=(1188)
calls=4 0 
0 20
0 4
0 44
cfn=(1562)
calls=4 0 
0 360
0 4
0 16

fn=(926)
0 51

fn=(968)
0 49

fn=(1160)
0 4
cob=(1)
cfi=(101)
cfn=(395)
calls=1 71 
0 4467
0 5

fn=(1326)
0 22
cob=(1)
cfi=(101)
cfn=(395)
calls=1 71 
0 1802
0 5
0 7
cfn=(1188)
calls=1 0 
0 14
0 1
0 7
cfn=(1158)
calls=1 0 
0 16
0 1
0 6
cfn=(1188)
calls=1 0 
0 14
0 1
0 12
cob=(1)
cfi=(101)
cfn=(395)
calls=1 71 
0 1553
0 5
0 6
cfn=(1188)
calls=1 0 
0 14
0 1
0 13
cob=(1)
cfi=(101)
cfn=(395)
calls=1 71 
0 1569
0 5
0 6
cfn=(1188)
calls=1 0 
0 14
0 1
0 11
cfn=(1188)
calls=1 0 
0 14
0 1
0 11
cfn=(1188)
calls=1 0 
0 14
0 1
0 11
cfn=(1188)
calls=1 0 
0 14
0 1
0 6
cob=(1)
cfi=(101)
cfn=(395)
calls=1 71 
0 1087
0 5
0 6
cfn=(1188)
calls=1 0 
0 14
0 1
0 17
cob=(1)
cfi=(101)
cfn=(395)
calls=1 71 
0 1702
0 5
0 5
cfn=(1188)
calls=1 0 
0 14
0 1
0 6
cfn=(1158)
calls=1 0 
0 16
0 1
0 6
cfn=(1188)
calls=1 0 
0 14
0 1
0 13
cob=(1)
cfi=(101)
cfn=(395)
calls=1 71 
0 1581
0 5
0 5
cfn=(1188)
calls=1 0 
0 14
0 1
0 12
cob=(1)
cfi=(101)
cfn=(395)
calls=1 71 
0 1557
0 5
0 7
cfn=(1188)
calls=1 0 
0 14
0 1
0 11
cfn=(1188)
calls=1 0 
0 14
0 1
0 11
cfn=(1188)
calls=1 0 
0 14
0 1
0 11
cfn=(1188)
calls=1 0 
0 14
0 1
0 6
cob=(1)
cfi=(101)
cfn=(395)
calls=1 71 
0 1087
0 5
0 5
cfn=(1188)
calls=1 0 
0 14
0 1
0 4
cfn=(1188)
calls=1 0 
0 5
0 1
0 4
cfn=(1188)
calls=1 0 
0 5
0 1
0 4
cfn=(1188)
calls=1 0 
0 5
0 1
0 5
cfn=(1188)
calls=1 0 
0 5
0 1
0 5
cfn=(1188)
calls=1 0 
0 5
0 1
0 5
cfn=(1188)
calls=1 0 
0 5
0 1
0 42

fn=(1598)
0 16
cfn=(1188)
calls=4 0 
0 20
0 4
0 48
cfn=(1562)
calls=4 0 
0 360
0 4
0 20

fn=(1610) std::basic_ios<wchar_t, std::char_traits<wchar_t> >::init(std::basic_streambuf<wchar_t, std::char_traits<wchar_t> >*)
0 24
cfn=(1532)
calls=4 0 
0 348
0 4
0 12
cfn=(1616) std::basic_ios<wchar_t, std::char_traits<wchar_t> >::_M_cache_locale(std::locale const&)
calls=3 0 
0 2214
cob=(1)
cfi=(101)
cfn=(395)
calls=1 71 
0 10825
0 8
0 52

fn=(1622) bool std::has_facet<std::ctype<wchar_t> >(std::locale const&)
0 16
cfn=(1188)
calls=4 0 
0 20
0 4
0 48
cfn=(1562)
calls=4 0 
0 360
0 4
0 20

fn=(928)
0 6
cob=(3)
cfi=(126)
cfn=(820)
calls=1 65 
0 71
0 1
0 5
cob=(3)
cfi=(126)
cfn=(820)
calls=1 65 
0 71
0 1

fn=(932)
0 33

fn=(1020)
0 6
cob=(3)
cfi=(126)
cfn=(820)
calls=1 65 
0 71
0 1
0 4
cob=(3)
cfi=(126)
cfn=(820)
calls=1 65 
0 71
0 1
0 5
cob=(3)
cfi=(126)
cfn=(820)
calls=1 65 
0 71
0 1

fn=(1158)
0 84
cob=(6)
cfi=(142)
cfn=(1129)
calls=14 139 
0 4604
0 14
0 56

fn=(1236) std::ctype<wchar_t>::ctype(unsigned long)
0 12
cfn=(1158)
calls=1 0 
0 16
0 1
0 7
cob=(1)
cfi=(101)
cfn=(395)
calls=1 71 
0 34382
0 5

fn=(1318) std::__timepunct<wchar_t>::_M_initialize_timepunct(__locale_struct*)
0 9
cfn=(1158)
calls=1 0 
0 16
0 1
0 94

fn=(1564)
0 472
cob=(3)
cfi=(155)
cfn=(1572)
calls=7 24 
0 147
cob=(1)
cfi=(101)
cfn=(395)
calls=1 71 
0 2984
0 12
0 56

fn=(1592)
0 16
cfn=(1188)
calls=4 0 
0 20
0 4
0 44
cfn=(1562)
calls=4 0 
0 360
0 4
0 16

fn=(1112)
0 271
cob=(1)
cfi=(101)
cfn=(395)
calls=1 71 
0 96900
0 5
0 16
cfn=(1118)
calls=1 0 
0 33
0 1
0 14
cfn=(1118)
calls=1 0 
0 33
0 1
0 7
cob=(1)
cfi=(101)
cfn=(395)
calls=1 71 
0 1101
0 5
0 15
cob=(1)
cfi=(101)
cfn=(395)
calls=1 71 
0 19836
0 5
0 4
cfn=(1520)
calls=1 0 
0 92
0 1
0 16
cfn=(1526)
calls=1 0 
0 953
0 1
0 4
cfn=(1520)
calls=1 0 
0 92
0 1
0 14
cfn=(1526)
calls=1 0 
0 953
0 1
0 4
cfn=(1520)
calls=1 0 
0 92
0 1
0 14
cfn=(1526)
calls=1 0 
0 953
0 1
0 16
cfn=(1118)
calls=1 0 
0 33
0 1
0 16
cfn=(1118)
calls=1 0 
0 33
0 1
0 14
cfn=(1118)
calls=1 0 
0 33
0 1
0 7
cfn=(1520)
calls=1 0 
0 92
0 1
0 15
cob=(1)
cfi=(101)
cfn=(395)
calls=1 71 
0 12363
0 5
0 4
cfn=(1520)
calls=1 0 
0 92
0 1
0 16
cfn=(1610)
calls=1 0 
0 849
0 1
0 4
cfn=(1520)
calls=1 0 
0 92
0 1
0 14
cfn=(1610)
calls=1 0 
0 849
0 1
0 4
cfn=(1520)
calls=1 0 
0 92
0 1
0 14
cfn=(1610)
calls=1 0 
0 849
0 1
0 14

fn=(1118)
0 132
cfn=(1120)
calls=22 0 
0 96240
0 220

fn=(1242) std::ctype<wchar_t>::_M_initialize_ctype()
0 9
cob=(1)
cfi=(101)
cfn=(395)
calls=1 71 
0 3037
0 5
0 770
cob=(3)
cfi=(147)
cfn=(1254)
calls=127 31 
0 3175
cob=(1)
cfi=(101)
cfn=(395)
calls=1 71 
0 2990
0 132
0 261
cob=(1)
cfi=(101)
cfn=(395)
calls=1 71 
0 2920
0 5
0 510
cob=(3)
cfi=(148)
cfn=(1260)
calls=255 33 
0 10344
0 255
0 1067
cfn=(1272)
calls=7 0 
0 1581
cob=(1)
cfi=(101)
cfn=(395)
calls=1 71 
0 4248
0 12
0 95
cfn=(1272)
calls=4 0 
0 1758
0 4
0 19
cob=(3)
cfi=(146)
cfn=(1248)
calls=1 31 
0 21
0 1
0 2

fn=(1306) std::__cxx11::moneypunct<wchar_t, true>::_M_initialize_moneypunct(__locale_struct*, char const*)
0 108

fn=(1312) std::__timepunct<wchar_t>::__timepunct(std::__timepunct_cache<wchar_t>*, unsigned long)
0 14
cfn=(1146)
calls=1 0 
0 2
0 1
0 4
cob=(1)
cfi=(101)
cfn=(395)
calls=1 71 
0 1565
0 5
0 4

fn=(1354) std::moneypunct<char, false>::_M_initialize_moneypunct(__locale_struct*, char const*)
0 112

fn=(1436) std::moneypunct<wchar_t, false>::_M_initialize_moneypunct(__locale_struct*, char const*)
0 108

fn=(1646) bool std::has_facet<std::num_get<wchar_t, std::istreambuf_iterator<wchar_t, std::char_traits<wchar_t> > > >(std::locale const&)
0 16
cfn=(1188)
calls=4 0 
0 20
0 4
0 48
cfn=(1562)
calls=4 0 
0 360
0 4
0 20

fn=(798)
0 11

fn=(1152) std::ctype<char>::ctype(unsigned short const*, bool, unsigned long)
0 14
cob=(1)
cfi=(101)
cfn=(395)
calls=1 71 
0 5743
0 5
0 101

fn=(1182)
0 416
cfn=(1188)
calls=31 0 
0 434
cob=(1)
cfi=(101)
cfn=(395)
calls=1 71 
0 1071
0 36
0 11776

fn=(1230) std::__cxx11::messages<char>::messages(unsigned long)
0 12
cfn=(1158)
calls=1 0 
0 16
0 1
0 2
cfn=(1146)
calls=1 0 
0 2
0 1
0 5

fn=(1288) std::codecvt<wchar_t, char, __mbstate_t>::codecvt(unsigned long)
0 12
cfn=(1158)
calls=1 0 
0 16
0 1
0 5

fn=(1324) std::__cxx11::messages<wchar_t>::messages(unsigned long)
0 12
cfn=(1158)
calls=1 0 
0 16
0 1
0 2
cfn=(1146)
calls=1 0 
0 2
0 1
0 5

fn=(1450) std::moneypunct<wchar_t, true>::_M_initialize_moneypunct(__locale_struct*, char const*)
0 108

fn=(1556)
0 16
cfn=(1188)
calls=4 0 
0 20
0 4
0 48
cfn=(1562)
calls=3 0 
0 426
cob=(1)
cfi=(101)
cfn=(395)
calls=1 71 
0 4088
0 8
0 20

fn=(1586)
0 1440

fn=(1616)
0 28
cfn=(1622)
calls=3 0 
0 354
cob=(1)
cfi=(101)
cfn=(395)
calls=1 71 
0 1294
0 8
0 16
cfn=(1628)
calls=3 0 
0 348
cob=(1)
cfi=(101)
cfn=(395)
calls=1 71 
0 1316
0 8
0 12
cfn=(1634)
calls=3 0 
0 354
cob=(1)
cfi=(101)
cfn=(395)
calls=1 71 
0 1662
0 8
0 16
cfn=(1640)
calls=3 0 
0 348
cob=(1)
cfi=(101)
cfn=(395)
calls=1 71 
0 1707
0 8

ob=(4)
fl=(87)
fn=(308)
29 5
fi=(172) /build/glibc-uZu3wS/glibc-2.27/math/../sysdeps/x86_64/fpu/multiarch/s_rint.c
+1 1
fe=(87)

fn=(314)
29 5
fi=(173) /build/glibc-uZu3wS/glibc-2.27/math/../sysdeps/x86_64/fpu/multiarch/s_ceilf.c
+1 1
fe=(87)

fn=(336)
29 5
fi=(174) /build/glibc-uZu3wS/glibc-2.27/math/../sysdeps/x86_64/fpu/multiarch/s_floorf.c
+1 1
fe=(87)

fn=(346)
29 5
fi=(175) /build/glibc-uZu3wS/glibc-2.27/math/../sysdeps/x86_64/fpu/multiarch/s_truncf.c
+1 1
fe=(87)

fn=(356)
29 5
fi=(176) /build/glibc-uZu3wS/glibc-2.27/math/../sysdeps/x86_64/fpu/multiarch/s_trunc.c
+1 1
fe=(87)

fn=(328)
29 5
fi=(177) /build/glibc-uZu3wS/glibc-2.27/math/../sysdeps/x86_64/fpu/multiarch/s_rintf.c
+1 1
fe=(87)

fn=(316)
29 5
fi=(178) /build/glibc-uZu3wS/glibc-2.27/math/../sysdeps/x86_64/fpu/multiarch/s_ceil.c
+1 1
fe=(87)

fn=(338)
29 5
fi=(179) /build/glibc-uZu3wS/glibc-2.27/math/../sysdeps/x86_64/fpu/multiarch/s_floor.c
+1 1
fe=(87)

fl=(83)
fn=(322)
30 1
-1 1
+1 2
-1 3
fi=(180) /build/glibc-uZu3wS/glibc-2.27/math/../sysdeps/x86_64/fpu/multiarch/e_log2f.c
-3 1
fe=(83)

fn=(300)
30 1
-1 1
+1 2
-1 3
fi=(181) /build/glibc-uZu3wS/glibc-2.27/math/../sysdeps/x86_64/fpu/multiarch/e_expf.c
-3 1
fe=(83)

fn=(294)
30 1
-1 1
+1 2
-1 3
fi=(182) /build/glibc-uZu3wS/glibc-2.27/math/../sysdeps/x86_64/fpu/multiarch/s_cosf.c
-3 1
fe=(83)

fn=(306)
30 1
-1 1
+1 2
-1 3
fi=(183) /build/glibc-uZu3wS/glibc-2.27/math/../sysdeps/x86_64/fpu/multiarch/e_logf.c
-3 1
fe=(83)

fn=(310)
30 1
-1 1
+1 2
-1 3
fi=(184) /build/glibc-uZu3wS/glibc-2.27/math/../sysdeps/x86_64/fpu/multiarch/s_sincosf.c
-3 1
fe=(83)

fn=(312)
30 1
-1 1
+1 2
-1 4

fn=(344)
30 1
-1 1
+1 2
-1 3
fi=(185) /build/glibc-uZu3wS/glibc-2.27/math/../sysdeps/x86_64/fpu/multiarch/e_exp2f.c
-3 1
fe=(83)

fn=(334)
30 1
-1 1
+1 2
-1 3
fi=(186) /build/glibc-uZu3wS/glibc-2.27/math/../sysdeps/x86_64/fpu/multiarch/s_sinf.c
-3 1
fe=(83)

fl=(84)
fn=(324)
33 2
-1 1
+1 2
-1 2
fi=(90) /build/glibc-uZu3wS/glibc-2.27/math/../sysdeps/x86_64/fpu/multiarch/e_log.c
-8 1
fe=(84)

fn=(302)
33 2
-1 1
+1 2
-1 2
fi=(86) /build/glibc-uZu3wS/glibc-2.27/math/../sysdeps/x86_64/fpu/multiarch/s_sin.c
+2 1
fe=(84)

fn=(352)
33 2
-1 1
+1 2
-1 2
fi=(86)
-5 1
fe=(84)

fn=(348)
33 2
-1 1
+1 2
-1 2
fi=(92) /build/glibc-uZu3wS/glibc-2.27/math/../sysdeps/x86_64/fpu/multiarch/e_atan2.c
-8 1
fe=(84)

fn=(296)
33 2
-1 1
+1 2
-1 2
fi=(85) /build/glibc-uZu3wS/glibc-2.27/math/../sysdeps/x86_64/fpu/multiarch/e_exp.c
-8 1
fe=(84)

fl=(88)
fn=(330)
32 2
-1 1
+1 2
-1 2
fi=(91) /build/glibc-uZu3wS/glibc-2.27/math/../sysdeps/x86_64/fpu/multiarch/e_asin.c
+2 1
fe=(88)

fn=(318)
32 2
-1 1
+1 2
-1 2
fi=(89) /build/glibc-uZu3wS/glibc-2.27/math/../sysdeps/x86_64/fpu/multiarch/e_pow.c
-7 1
fe=(88)

fn=(340)
32 2
-1 1
+1 2
-1 2
fi=(91)
-6 1
fe=(88)

fl=(119)
fn=(470)
0 11

ob=(11)
fl=(125)
fn=(1616)
0 12
cfn=(1646)
calls=3 0 
0 354
cob=(1)
cfi=(101)
cfn=(395)
calls=1 71 
0 1678
0 8
0 8

ob=(4)
fl=(119)
fn=(470)
0 6

ob=(11)
fl=(125)
fn=(1616)
0 8
cfn=(1652)
calls=3 0 
0 348
cob=(1)
cfi=(101)
cfn=(395)
calls=1 71 
0 1708
0 8
0 20

totals: 6271044
